Calculating DT based on entropy
Using leaf node cutoff as -  5
21.4333333333
19.825
31.3
31.3
39.9
21.4333333333
21.975
20.6333333333
20.0
19.825
20.6333333333
19.825
20.0
18.1
18.1
18.1
18.1
14.35
18.1
18.1
13.7333333333
14.35
14.35
13.7333333333
14.35
13.7333333333
14.35
14.35
13.7333333333
14.35
22.1
22.1
22.1
21.275
27.65
35.75
33.35
23.7666666667
23.7666666667
23.7666666667
19.525
19.525
23.7666666667
25.1
27.36
23.7666666667
18.5
36.5666666667
21.275
36.5666666667
21.275
19.525
19.525
20.6333333333
21.975
21.275
25.1
27.36
22.48
22.48
19.14
19.525
21.275
21.275
23.56
21.275
21.275
21.275
25.1
21.275
21.275
23.7666666667
25.1
23.7666666667
21.975
39.9
25.1
25.1
19.825
21.95
21.275
19.825
21.975
21.975
39.9
39.9
21.975
19.825
20.6333333333
20.0
20.0
19.825
20.6333333333
14.35
21.95
25.75
19.9
16.92
19.975
19.9
16.92
19.975
20.0
20.0
20.0
16.92
16.92
20.0
20.0
16.92
15.1
15.1
15.1
15.1
14.35
14.35
15.1
15.1
15.1
15.1
13.0
15.45
15.45
13.0
13.0
13.0
13.0
17.9
17.9
17.9
17.9
17.9
13.9
17.9
39.575
21.7
21.7
25.65
47.075
37.55
37.55
21.7
21.7
39.575
14.35
19.65
19.825
22.1
27.36
21.275
19.825
19.825
39.9
19.825
21.6
39.9
28.2
21.16
25.1
39.9
21.275
31.6
27.65
36.5666666667
36.05
21.275
21.275
29.56
31.6
21.275
31.6
41.95
36.5666666667
22.1
21.95
16.8666666667
21.975
13.7333333333
20.6333333333
13.6666666667
20.0
21.275
16.8666666667
21.275
20.0
25.75
16.92
25.75
20.425
34.6
32.475
34.6
20.425
33.35
26.14
20.425
32.475
32.475
34.6
20.425
20.425
20.425
32.475
21.275
21.275
21.95
21.975
21.95
29.56
19.14
19.14
20.425
19.825
21.95
21.275
22.48
36.5666666667
39.575
26.9
20.425
20.425
26.9
20.425
26.9
14.35
20.425
32.475
19.525
16.8666666667
23.7666666667
21.975
23.7666666667
39.9
39.9
23.7666666667
39.9
23.7666666667
39.9
31.3
31.3
39.9
36.5666666667
21.275
21.275
21.275
41.95
36.05
27.36
21.275
21.275
21.275
21.95
19.525
27.65
29.56
21.275
21.275
21.275
39.9
23.7666666667
25.1
21.975
25.1
26.14
20.425
22.8
18.1666666667
20.425
20.425
20.425
20.425
14.35
16.8666666667
20.425
16.8666666667
21.95
21.95
20.425
20.425
20.425
33.35
20.425
21.275
22.48
21.275
21.275
22.48
21.275
27.36
23.7666666667
23.7666666667
22.1
22.1
23.7666666667
23.7666666667
25.1
31.3
25.1
25.1
31.3
21.275
19.525
21.275
21.275
21.275
21.275
27.65
22.48
27.65
21.7
15.45
21.7
15.45
24.425
22.9
12.55
8.4
45.65
39.575
50.0
21.7
21.7
8.26666666667
10.55
12.9333333333
10.55
10.55
10.55
10.55
12.9333333333
13.275
8.26666666667
10.55
8.26666666667
10.55
8.26666666667
13.275
16.25
15.45
10.55
13.275
10.55
13.275
15.45
13.275
10.55
12.9333333333
10.55
10.55
12.9333333333
10.55
10.55
10.55
10.875
10.55
15.2333333333
8.45
8.45
11.25
8.45
8.45
11.25
10.55
16.25
14.25
13.9
11.88
8.45
11.25
13.2333333333
11.25
13.9
13.9
8.45
11.25
8.45
8.45
8.45
12.9333333333
10.55
12.9333333333
15.45
12.9333333333
10.55
12.9333333333
13.275
13.9
15.45
15.45
13.275
11.25
13.9
13.9
13.2333333333
13.275
16.25
15.45
15.45
16.25
21.7
13.275
11.15
15.2333333333
15.2333333333
15.2333333333
23.025
14.25
15.2333333333
15.2333333333
11.15
14.25
11.15
21.4
21.4
21.4
21.4
16.8666666667
23.025
15.2333333333
23.025
22.1
22.8
20.0
16.8666666667
16.8666666667
21.6
19.4
16.92
21.6
19.975
36.4666666667
25.75
19.975
Average MSE training -  33.6999239864
13.6666666667
13.6666666667
14.35
14.35
18.1
19.825
13.7333333333
19.14
19.825
21.275
21.95
19.525
27.36
19.825
21.975
19.825
19.825
20.425
13.7333333333
13.7333333333
14.35
15.1
14.925
13.0
22.8
21.7
21.7
14.35
24.4
39.9
39.9
27.36
39.9
20.425
14.35
18.1
21.275
21.275
33.35
33.1
33.35
26.9
20.425
21.275
23.7666666667
21.275
22.48
23.56
13.275
15.45
21.7
15.45
8.26666666667
10.55
11.15
21.7
8.4
8.75
11.15
11.25
8.45
13.9
11.25
16.25
12.9333333333
15.45
13.9
15.2333333333
11.15
16.92
16.92
22.1
22.8
20.0
Average MSE testing -  23.5584760135


Calculating DT based on gini
Using leaf node cutoff as -  5
30.0333333333
21.6
34.7
37.34
23.425
30.0333333333
17.2666666667
18.3
16.5
18.3
15.0
21.34
21.4
21.16
21.16
19.9
23.34
30.7
18.2
21.16
13.66
30.7
13.66
14.5
14.5
13.66
17.32
17.525
13.66
13.66
22.8
22.8
21.4
24.5
30.8
34.9
26.6
25.3
24.7
23.425
23.425
23.425
19.7
27.1
33.1
33.1
33.0
31.6
22.9
24.0
21.3333333333
20.2666666667
17.2666666667
16.0
32.5
20.2666666667
33.0
23.5
20.825
23.3
20.3
20.3
32.38
23.3
23.3
32.38
32.0
21.4
27.1
22.9
18.4
27.1
23.425
23.425
23.425
23.6
23.6
27.1
23.92
27.1
22.9
27.1
21.3333333333
23.0
37.34
37.34
23.6
18.44
21.34
21.34
18.3
21.34
21.34
16.2
21.7
22.8
21.34
18.7
18.9666666667
18.3
17.2666666667
18.44
17.2666666667
17.2666666667
17.2666666667
21.34
21.34
18.3
21.34
18.3
20.0
16.2
17.82
17.82
17.82
17.82
17.82
13.3
17.82
16.2
14.4
14.4
14.4
14.4
14.4
12.3
12.3
17.82
17.82
17.82
17.82
17.82
16.4
17.82
25.98
25.98
25.98
25.98
50.0
39.72
39.6
22.7
19.1
39.6
17.82
20.7
22.8
22.8
21.3333333333
20.2666666667
23.6
23.6
23.425
23.6
22.8
23.6
32.5
20.7
17.2666666667
37.34
21.3333333333
26.525
26.525
24.0
37.34
20.825
22.9
34.9
32.9
20.825
24.7
37.34
34.7
23.7666666667
19.8
17.2666666667
20.3
20.0
21.7
17.525
18.5
20.3
21.16
18.5
27.1
22.8
21.34
23.0
30.1
37.34
25.1
37.34
31.6
32.38
32.38
17.975
31.7
39.72
37.34
17.975
17.975
17.975
48.8
24.1
21.3333333333
20.2666666667
17.2666666667
20.2666666667
32.38
17.2666666667
17.2666666667
24.0
18.44
24.5
22.9
24.1
24.0
30.1
21.16
43.1
48.8
21.16
21.16
21.16
30.7
36.5
37.34
17.2666666667
33.12
24.7
33.12
33.12
37.34
37.34
23.34
37.34
23.34
33.12
37.34
27.9
37.34
24.0
26.525
20.825
26.525
37.34
37.34
27.9
23.7666666667
21.4
23.34
23.34
20.3
22.5
29.0
27.1
20.825
32.38
32.38
19.7
19.7
23.6
27.1
48.8
21.16
20.4
23.34
21.16
21.16
21.16
21.16
17.525
17.2666666667
21.16
21.0
23.34
23.34
24.0
17.975
23.34
26.525
23.34
19.8
20.2666666667
22.6
20.825
20.825
24.1
22.9
22.9
20.825
17.5
17.5
20.825
23.425
23.425
30.0333333333
16.5
21.6
30.0333333333
17.5
20.2666666667
22.9
22.9
22.9
23.7333333333
21.3333333333
23.3
30.0333333333
20.8
16.4
20.8
16.4
25.98
25.76
16.4
9.04
39.6
39.6
39.6
21.74
50.0
13.8
8.83333333333
8.83333333333
8.83333333333
8.83333333333
8.83333333333
9.04
14.1
12.3
8.83333333333
8.83333333333
8.83333333333
9.6
11.7
13.1
15.1
15.2
9.7
13.1
12.7
13.1
12.5
14.3
9.04
17.0
9.64
9.04
12.1
9.64
9.64
8.83333333333
11.9
13.8
9.06666666667
9.64
9.58
9.58
9.64
8.275
17.0
16.7
14.2
20.8
13.5
11.7
9.58
14.1
13.1
15.4
17.0
14.3
11.7
13.4
9.58
9.58
11.7
12.8
9.64
17.1
18.4
15.4
10.8
14.1
14.3
13.4
15.2
16.1
13.1
14.9
16.4
12.7
13.5
14.3
20.0
16.4
16.4
19.5
21.74
17.0
21.26
16.4
16.4
17.0
20.8
14.0333333333
13.3
16.7
9.64
14.6
11.7
17.975
17.975
25.98
21.26
21.26
21.26
18.4
21.26
23.22
23.22
18.5
17.2666666667
17.2666666667
17.2666666667
17.2666666667
18.7
23.7333333333
27.1
18.86
18.86
27.1
Average MSE training -  34.9728151078
17.525
15.6
14.5
30.7
30.7
17.525
15.0
17.2666666667
22.8
21.4
21.4
21.4
27.9
18.44
23.0
18.44
16.5
21.16
17.82
17.82
17.82
17.82
12.3
14.4
18.575
19.1
19.1
17.82
21.3333333333
21.3333333333
32.38
21.3333333333
37.34
17.975
20.0
17.975
32.38
32.38
32.38
24.1
32.38
25.98
21.16
20.825
20.825
20.825
19.8
23.3
13.1
16.4
21.74
16.4
50.0
8.83333333333
9.06666666667
8.275
8.275
8.275
9.64
9.58
9.58
14.3
9.58
13.3
15.4
21.26
12.7
16.4
17.0
21.34
21.34
23.22
23.22
18.5
Average MSE testing - 49.8409541667


Calculating DT based on MSE
Using leaf node cutoff as -  5
23.6
24.125
24.125
36.9
36.9
36.9
24.125
24.125
24.125
24.125
24.125
24.125
24.125
24.125
24.125
24.125
24.125
24.125
24.125
24.125
24.125
24.125
24.125
24.125
24.125
24.125
24.125
24.125
24.125
24.125
23.6
23.6
32.22
32.22
34.2666666667
29.3333333333
24.125
24.125
24.125
24.125
24.125
24.125
32.22
23.6
29.3333333333
29.3333333333
32.6
28.55
34.2666666667
32.6
32.22
32.22
23.6
23.6
23.6
32.22
33.2
29.3333333333
29.3333333333
32.22
32.22
32.22
24.125
24.125
24.125
24.125
24.125
24.125
23.6
29.3333333333
29.3333333333
29.3333333333
23.6
29.3333333333
23.6
23.6
23.6
23.6
23.6
24.125
24.125
24.125
23.6
23.6
28.55
28.55
28.55
24.125
24.125
24.125
24.125
24.125
24.125
24.125
24.125
24.125
24.125
24.125
24.125
24.125
24.125
24.125
24.125
24.125
24.125
24.125
24.125
24.125
24.125
24.125
24.125
24.125
24.125
24.125
24.125
24.125
24.125
24.125
24.125
24.125
14.52
50.0
50.0
11.8
50.0
17.8
50.0
24.125
24.125
13.5
24.125
24.125
24.125
24.125
24.125
24.125
24.125
24.125
50.0
39.25
39.25
24.125
24.125
50.0
24.125
23.6
23.6
23.6
32.22
32.22
23.6
23.6
36.9
28.55
36.9
36.9
36.9
36.9
36.9
28.55
32.22
34.2666666667
32.6
39.25
39.25
29.3333333333
39.25
29.3333333333
32.6
29.3333333333
39.25
39.25
39.25
24.125
24.125
24.125
24.125
24.125
24.125
24.125
24.125
24.125
24.125
24.125
24.125
24.125
24.125
24.125
23.6
28.55
28.55
28.55
23.6
28.55
32.22
23.6
28.55
28.55
28.55
23.6
23.6
23.6
28.55
32.22
32.22
23.6
23.6
23.6
32.22
23.6
23.6
32.22
23.6
23.6
29.3333333333
29.3333333333
28.55
39.25
39.25
39.25
39.25
39.25
23.6
23.6
23.6
39.25
39.25
24.125
24.125
24.125
24.125
28.55
29.3333333333
32.22
28.55
32.22
32.22
33.2
39.25
33.2
45.1333333333
39.25
32.6
29.3333333333
29.3333333333
29.3333333333
32.22
29.3333333333
24.125
24.125
24.125
24.125
24.125
32.22
29.3333333333
29.3333333333
29.3333333333
32.22
32.22
28.55
36.9
28.55
36.9
24.125
24.125
13.5
24.125
24.125
24.125
24.125
24.125
24.125
24.125
24.125
24.125
24.125
24.125
24.125
24.125
24.125
24.125
24.125
24.125
32.22
32.22
29.3333333333
29.3333333333
29.3333333333
36.9
36.9
36.9
36.9
36.9
36.9
36.9
36.9
39.25
23.6
23.6
29.3333333333
23.6
23.6
32.6
32.6
29.3333333333
32.22
32.22
32.22
33.2
24.125
24.125
24.125
24.125
28.55
11.9
14.7333333333
10.5
22.7
50.0
50.0
50.0
50.0
7.26666666667
50.0
50.0
50.0
50.0
50.0
50.0
24.125
50.0
9.65
50.0
9.65
9.06666666667
10.3
24.125
24.125
24.125
10.3
24.125
24.125
24.125
24.125
24.125
50.0
50.0
24.125
24.125
24.125
24.125
24.125
50.0
9.65
50.0
50.0
9.06666666667
24.125
24.125
24.125
24.125
24.125
24.125
24.125
24.125
24.125
24.125
24.125
24.125
24.125
24.125
24.125
24.125
24.125
24.125
24.125
24.125
24.125
24.125
24.125
24.125
24.125
24.125
24.125
24.125
24.125
24.125
24.125
24.125
28.55
24.125
24.125
24.125
24.125
24.125
24.125
24.125
24.125
24.125
24.125
24.125
24.125
24.125
24.125
24.125
24.125
24.125
24.125
24.125
24.125
24.125
24.125
24.125
24.125
24.125
24.125
24.125
24.125
24.125
24.125
24.125
24.125
24.125
24.125
24.125
24.125
24.125
24.125
24.125
24.125
24.125
24.125
24.125
Average MSE training -  115.322547954
24.125
24.125
24.125
24.125
24.125
24.125
24.125
24.125
24.125
24.125
24.125
24.125
29.3333333333
24.125
24.125
24.125
24.125
24.125
24.125
24.125
24.125
24.125
50.0
11.8
24.125
24.125
24.125
24.125
32.22
32.22
32.22
32.22
32.22
23.6
23.6
23.6
32.22
32.22
32.22
32.22
28.55
23.6
23.6
32.6
32.6
29.3333333333
29.3333333333
32.22
24.125
24.125
24.125
24.125
9.65
28.55
50.0
50.0
50.0
12.725
10.5
24.125
24.125
24.125
24.125
24.125
24.125
24.125
24.125
24.125
24.125
24.125
24.125
24.125
24.125
24.125
Average MSE testing - 100.440179617
