Calculating DT based on entropy
Using leaf node cutoff as -  5
13.6666666667
13.6666666667
14.35
14.35
18.1
19.825
13.7333333333
19.14
19.825
21.275
21.95
19.525
27.36
19.825
21.975
19.825
19.825
20.425
13.7333333333
13.7333333333
14.35
15.1
14.925
13.0
22.8
21.7
21.7
14.35
24.4
39.9
39.9
27.36
39.9
20.425
14.35
18.1
21.275
21.275
33.35
33.1
33.35
26.9
20.425
21.275
23.7666666667
21.275
22.48
23.56
13.275
15.45
21.7
15.45
8.26666666667
10.55
11.15
21.7
8.4
8.75
11.15
11.25
8.45
13.9
11.25
16.25
12.9333333333
15.45
13.9
15.2333333333
11.15
16.92
16.92
22.1
22.8
20.0
Average MSE test - 23.5584760135


Calculating DT based on gini
Using leaf node cutoff as -  5
17.525
15.6
14.5
30.7
30.7
17.525
15.0
17.2666666667
22.8
21.4
21.4
21.4
27.9
18.44
23.0
18.44
16.5
21.16
17.82
17.82
17.82
17.82
12.3
14.4
18.575
19.1
19.1
17.82
21.3333333333
21.3333333333
32.38
21.3333333333
37.34
17.975
20.0
17.975
32.38
32.38
32.38
24.1
32.38
25.98
21.16
20.825
20.825
20.825
19.8
23.3
13.1
16.4
21.74
16.4
50.0
8.83333333333
9.06666666667
8.275
8.275
8.275
9.64
9.58
9.58
14.3
9.58
13.3
15.4
21.26
12.7
16.4
17.0
21.34
21.34
23.22
23.22
18.5
Average MSE test - 49.8409541667


Calculating DT based on MSE
Using leaf node cutoff as -  5
24.125
24.125
24.125
24.125
24.125
24.125
24.125
24.125
24.125
24.125
24.125
24.125
29.3333333333
24.125
24.125
24.125
24.125
24.125
24.125
24.125
24.125
24.125
50.0
11.8
24.125
24.125
24.125
24.125
32.22
32.22
32.22
32.22
32.22
23.6
23.6
23.6
32.22
32.22
32.22
32.22
28.55
23.6
23.6
32.6
32.6
29.3333333333
29.3333333333
32.22
24.125
24.125
24.125
24.125
9.65
28.55
50.0
50.0
50.0
12.725
10.5
24.125
24.125
24.125
24.125
24.125
24.125
24.125
24.125
24.125
24.125
24.125
24.125
24.125
24.125
24.125
Average MSE test - 100.440179617
