-0.0977313138837
-0.0230836990004
0.0228392976935
0.0416142496178
0.0169427610804
-0.0574268163247
-0.0696134452064
0.0322748664203
0.00169872299683
-0.099037451649
-0.00827366219106
0.0753098986274
-0.00518109108077
0.0559115724657
-0.0605829296036
-0.0145845132395
0.0909769360139
-0.0947167031295
0.0037767161966
0.00267012850793
-0.0392474937352
-0.033871617157
0.0180500275659
-0.0999585531714
0.0214040021574
-0.0159346238553
0.0520904809949
0.00955635630709
-0.0357639171201
-0.0377709429772
0.0881978178265
-0.0409727616954
-0.0849280618623
-0.0785856418203
0.0682486826203
0.0770042844446
0.0791631496453
0.00137518073998
-0.0792689496796
0.00591253365102
-0.0389675684941
-0.00135568145895
0.0190585258526
-0.0715724175676
0.0817409740737
-0.0346366737298
-0.0775814197145
-0.0854617082915
0.0137410496498
-0.048057379132
-0.0434184596729
-0.0883142011017
0.0542864369777
-0.0209030006663
-0.0793292690855
-0.0563708946755
-0.0104359951919
-0.0414706046524
0.00896697422062
0.0101753581677
0.0710196591929
-0.0083778694971
-0.0882014717396
-0.0921769567179
-0.0503815636775
-0.0615811137509
-0.0835029617262
0.0784050284929
-0.0303354474969
-0.0567676693285
0.0570817589755
0.0826570209015
0.0853010830236
0.0105806332341
0.0637354080181
0.0966299684547
0.00431846258361
-0.00508647193547
0.0344396353956
-0.0514087760569
-0.0485028763635
-0.0647501615293
-0.0492406665179
-0.00839365094622
-0.0918500752242
-0.0393797113185
0.0519904982619
-0.065324395904
0.0677500724543
0.00818302784713
0.0986885939779
-0.0974411285581
0.0822360663871
0.0951817072857
-0.0339656745101
-0.0245972429964
0.0446779703444
0.080327596259
0.0666858751141
0.011431802151
-0.0993572295128
-0.0945875598105
0.0930729171693
0.0896432424213
0.0377723168134
0.0743533805848
-0.091247403306
0.00836124200961
0.0952353601222
0.029006233248
-0.0501406100982
0.0832890785072
-0.0274031868754
0.0673649542667
0.0870851986795
-0.0079078920534
0.0866574339591
0.0379672095874
-0.0979480723149
0.0597195040375
0.0827046392126
0.0739990284354
-0.0587517643743
-0.0203991152757
0.0730983372219
0.0743595911538
-0.0685097187463
-0.0385837195894
-0.0574099130154
-0.0150915628195
-0.0331264493126
0.0804055210666
0.0990159450519
0.0903784433771
0.076114796084
-0.052090358879
0.0223032046119
-0.0687688518159
-0.0852320634462
-0.0895747977644
-0.0286435404809
0.0203284436814
0.0155550827008
0.00598386725456
-0.0327271589002
0.0427206745364
-0.0325618033574
0.0451588248198
-0.0111457889865
-0.04169796424
0.0139796070758
0.0315099264196
-0.0387334767883
0.0393573496651
0.0444796521529
0.00445922819821
-0.0583813672949
0.00425812413038
-0.059706773831
0.074400373389
-0.0734796831588
-0.0640190945898
0.0581680626741
-0.0942100287255
-0.0216283560715
-0.0417974726584
0.0511524631463
-0.0195212891953
-0.0702504630065
0.0588438715559
-0.0671030317332
0.0335198876257
-0.0349888656468
0.0133044316257
0.0354697406959
0.022248342294
0.0417632040031
0.0182928656132
-0.0295352511148
0.0970418165698
-0.0966024937489
-0.0297824252222
-0.0808179371218
-0.0397514810037
0.0530000460434
0.0999654521951
0.059542887084
-0.0870496648504
0.0404668390449
0.0907613317472
-0.0781334744878
0.0233063149419
-0.0839042888024
-0.0759438625205
0.0619981889213
0.0446993640221
-0.0363447044987
0.0916363942888
0.0193696427195
-0.0313196757111
0.0670310264444
0.0384257253885
-0.0324082059298
-0.0369715958908
0.0803003301569
0.0678476042582
-0.048787694506
0.0675093747116
-0.0962652247031
-0.0967547441956
-0.0610802208736
0.0234671768042
0.0639294663545
-0.0774332954366
-0.0800327327609
0.00986055898505
-0.0602105667507
-0.0888897295155
-0.00344743869918
0.0230976583234
-0.0623104377712
0.0856109624019
-0.0425751343653
-0.0927621902951
0.0552562101808
-0.0988250832206
-0.0118154603706
-0.0658805046298
-0.0770797310695
-0.0717789602016
-0.0328460811744
-0.0703469818941
-0.0399372943116
-0.0218544538444
0.0448654994081
-0.0272905808051
-0.0961940329518
-0.0684657026034
0.078191229261
-0.0586376269858
-0.0613349552273
0.0457820340846
0.0663630332808
0.0841828091439
0.0379362427419
-0.0383110944024
-0.0683196280976
-0.0803389946715
0.0390646544914
-0.0282443485829
0.00929076927871
0.00203325249188
0.00366342082239
0.0192185008393
0.0746191230136
0.052330452537
0.0457417812583
-0.0974353105817
0.0727552525846
0.0747926879267
-0.0164799200634
-0.0585489132385
-0.0529714989551
0.0495313600195
-0.0789867311362
-0.0415892550454
0.00439239699591
0.0254077779434
-0.0765805247958
0.0907045989618
0.0311367047777
0.0682508612763
0.0669360350759
0.0864034750563
0.0116991798603
-0.00985079488086
0.00540681070479
-0.0232555549743
0.0879843495027
-0.0717146841275
-0.0885855953549
0.0646979769268
-0.0348328869252
-0.00298082911577
-0.0161936219494
0.0590449170304
-0.0339983533348
0.0748651184872
-0.00575664651931
0.0487905429762
0.0477105367313
0.0907017057121
-0.0138754112061
0.0660724529
0.0773456875612
0.0683544750525
-0.0976583401645
0.0443259552218
0.0309863933813
-0.100040301866
