-0.097708495393
-0.0230830588002
0.0228393763206
0.0416328477519
0.0169427539091
-0.0574268548482
-0.0696257485528
0.0322561674544
0.00171269194514
-0.0990374242483
-0.00826732275212
0.0753660145405
-0.00518110613766
0.0559118114449
-0.0605829623084
-0.0145838563795
0.091013053995
-0.0947765703949
0.00377666558004
0.00267014352298
-0.0393296985213
-0.03387189315
0.0180500042017
-0.0999584557745
0.0214010775525
-0.0159346269354
0.0520862376843
0.00950010762857
-0.0357619992099
-0.0377714951668
0.0882681282861
-0.0409728230391
-0.0848942744516
-0.0785856214366
0.0682486646249
0.077017200194
0.0791631619991
0.0013102519937
-0.079269094227
0.00591251559834
-0.038980691614
-0.00135572098685
0.0190585172234
-0.0715724253161
0.0817409740738
-0.0346345354284
-0.0775816595594
-0.085461914161
0.0137411177201
-0.0480574428789
-0.0434184973609
-0.0883132895115
0.054321753375
-0.0209017038664
-0.0793607882315
-0.0563709117684
-0.0104360333324
-0.0414706193563
0.00896695956095
0.0102651132294
0.0710223970009
-0.00837788033472
-0.0882014718288
-0.0921770255063
-0.0503816451429
-0.0615811339696
-0.0835713551174
0.0784049782338
-0.0303354627094
-0.0567676561855
0.057100517092
0.0826571719019
0.0853012048954
0.0105808385872
0.0637354517317
0.0965660298843
0.00431869729241
-0.00508432282197
0.0344701028383
-0.0514018657857
-0.048518541066
-0.0647502078876
-0.0492457308698
-0.00836737526251
-0.0918494449855
-0.0392773903184
0.0520144943124
-0.0653243584594
0.067713372487
0.00818308775964
0.0986882530075
-0.0974410919474
0.0821844417667
0.0951816090122
-0.0339656601954
-0.0245972429252
0.0446986216392
0.0803256817515
0.0666860094571
0.0114318754833
-0.0994865172935
-0.0945841612567
0.0930728974516
0.0896583779454
0.0377724510874
0.0743537976291
-0.0912474278338
0.00836118002089
0.095235682637
0.0290247674108
-0.0501406178699
0.0832890739413
-0.0273942088694
0.067364814031
0.0870858173759
-0.00790793446546
0.0866573839833
0.0379672095874
-0.0979481534693
0.0597195028077
0.082704702202
0.0740069813322
-0.0587435152802
-0.0203992707254
0.0730983138978
0.074344367534
-0.0684984970971
-0.0385833224688
-0.0574134129084
-0.0150849348792
-0.0331254097232
0.0804055216569
0.0990162107343
0.0903744029401
0.0761175579245
-0.0520903644864
0.0223025982386
-0.0687688318786
-0.0851392515918
-0.0895747927441
-0.0286429244538
0.0203284770757
0.015555104857
0.00598385005558
-0.032727703398
0.0427067488181
-0.0325635286232
0.045158840365
-0.0111459009291
-0.0417175525622
0.0139795828712
0.0315294225034
-0.0387329893882
0.0393623054192
0.0444796973536
0.00445907207018
-0.0583815557573
0.00425708804247
-0.0597149395275
0.0744072019194
-0.073479686305
-0.0640190948752
0.0582232243505
-0.094210024498
-0.021628256763
-0.0418474294528
0.0511886988105
-0.0195313919676
-0.0702502246876
0.058843884304
-0.0671061718241
0.0335195703629
-0.0349888603193
0.0132228733381
0.0354697815602
0.0222484395721
0.0417637461625
0.0182554298785
-0.0295402570515
0.0970479278785
-0.0965884864252
-0.0297084598885
-0.0808157113022
-0.0397515609631
0.0529787106843
0.0999792539327
0.05954254001
-0.0870496479141
0.0404661111542
0.0907613107334
-0.0781334429481
0.0233185073327
-0.0839041337599
-0.0759034894945
0.0619978719495
0.0447272458421
-0.0363447196816
0.0916368706871
0.0193832974858
-0.0313195592788
0.0670312580605
0.038346904467
-0.0324097269634
-0.0369713802167
0.0803003130804
0.067847976256
-0.0489266040217
0.0674879307768
-0.0962653094683
-0.0967548818053
-0.0610900109182
0.0233932733085
0.0639294391896
-0.0774333132148
-0.0800327312785
0.00998232784085
-0.0602105184018
-0.0888897567884
-0.0034449443516
0.0230976118989
-0.0623123295258
0.0856107968612
-0.0425752025621
-0.0928592760877
0.0552562070486
-0.0988278822897
-0.011708544882
-0.0658804930753
-0.0770797503515
-0.0717789873692
-0.0328463178193
-0.0703468320719
-0.0399373320625
-0.0218544875168
0.0448650425639
-0.0272918077263
-0.0961425950466
-0.0684660197025
0.0782697602875
-0.0586885291046
-0.0613813693307
0.045782037572
0.0663889968007
0.0841828194848
0.0379475561064
-0.0383077190686
-0.0683117807168
-0.0803564607356
0.0390646530733
-0.028244335852
0.0092907698096
0.00203336053063
0.00366338310127
0.0191968283659
0.0746192718335
0.052330440509
0.0457417411779
-0.0974354879895
0.0727552019257
0.0747929422839
-0.0164800453852
-0.0585278789867
-0.0529435890465
0.0495313612044
-0.0789865117173
-0.0416036066018
0.00432858855422
0.0254080363627
-0.0765919437066
0.0907041802727
0.031156048355
0.0682252220028
0.0669362152532
0.0864045747194
0.0116991844595
-0.0100415877805
0.00540678322972
-0.0232555870027
0.0879847810378
-0.0717147062841
-0.0885855717966
0.0646979157951
-0.0348403739155
-0.00298848322801
-0.0161936130869
0.0590392664882
-0.0339983154138
0.074865139752
-0.00572631586951
0.04879039834
0.0477097483825
0.0907017086802
-0.0138752980699
0.0660746789352
0.0773456227138
0.0683874076236
-0.0976595529527
0.0443257665117
0.0309863353201
-0.100001892365
