0.060385644227
-0.0780840724883
-0.045118275823
-0.0863078886578
0.0323393743062
0.0496153346091
-0.0529476603692
0.00234937007155
-0.0774225547675
-0.0740113452077
-0.0242125933471
-0.0237666386156
0.0390970404942
-0.020619359927
-0.01084508408
-0.0961339746249
-0.0686448375451
0.094228693749
0.100173404521
0.0697263131612
-0.0283697318244
-0.00608392802101
-0.0309085823361
0.0426788794744
-0.0290280868498
0.0950256038426
0.0273193367563
0.0502224543916
-0.0362289304676
-0.056762155222
-0.0585750382725
-0.0304115013729
-0.00921691234534
0.0321947641969
-0.00834536340504
-0.0483635994951
-0.0398876304944
-0.0211110125302
-0.0239910533563
0.0539154683708
0.0146405508528
0.081074195201
-0.0768120158228
0.0677176172657
0.0908741360628
-0.000657651566591
0.0194586022503
-0.060201541618
-0.0201630906815
0.0821485283592
0.0431854746867
-0.0695270521254
0.0957403774527
0.038128299766
-0.0395924626431
0.073204880459
0.0017439389821
0.0734531781541
-0.0354488619833
0.0653422433749
0.0396305032252
-0.0783346209021
0.0250699353936
0.0969641328294
0.0312017490499
-0.0836663453583
-0.0148945664051
-0.0290536477763
0.0293100719111
0.041652914254
0.0135026184698
-0.0545773544577
-0.063462946097
-0.0807485076435
0.0321830279872
-0.0690299921089
-0.00863695345456
-0.0476496521551
-0.0346436859498
0.0260183579554
-0.0848576913795
-0.0683510070645
-0.0625221837238
-0.066521669174
0.0376110159901
-0.0892652260429
0.0392107840565
0.0898819831053
-0.0442616796775
0.00512229128099
0.0253022689529
0.0698393196706
0.0452979189207
0.0267129500835
0.0708244212171
-0.0335811229828
0.0343555888644
-0.0583209710665
-0.0126535419089
0.00178042496153
0.0318812919999
0.0366330213359
-0.0480738703571
-0.058777587342
-0.0295114667244
0.0223704115558
-0.0930862645679
0.0899874434126
-0.0475876708598
0.049123531455
-0.0724176548121
0.00527849196048
-0.079467374042
-0.00218828371395
0.00504517977558
-0.0582916726643
-0.00242955324337
0.0822734114862
0.0970180185105
-0.0750487804149
-0.00586886474682
-0.0470857857738
-0.0411588105693
0.0757988837845
0.0592428607317
0.0579746487265
0.0528613198695
-0.0692209025961
0.0335919143904
-0.0950344990325
0.0465874214354
-0.065605398804
0.0139422082051
-0.0910255360338
0.047743358745
0.0239164589486
-0.056577549652
0.00465017441263
0.0481446552924
0.03595791212
0.0544582519511
-0.0997426413598
-0.0601866189059
0.0124216644882
-0.0937586995293
0.0477561233983
-0.0964679212801
0.0972491193514
-0.0775743388962
0.0849603186369
-0.000848165943185
0.0465738354646
-0.0256313026229
0.00495420365997
-0.0214885372561
0.0226146963881
-0.00287821899529
0.0662297295516
0.0864644253012
0.0926045034215
0.055490630955
0.0242892027672
-0.0570028622716
0.0560258216541
0.0839987487593
0.0188531932402
-0.0538315462059
0.00754650929377
-0.0409525316352
0.0914820544732
0.0881970688714
0.0295769341744
0.0568557566184
0.000943404861701
0.0670929819171
-0.0485065130609
-0.0576864734913
-0.093947520208
-0.0151936228973
0.0550862672008
0.0437803648048
-0.0524757565754
0.046534730267
0.0761880302778
0.0344220951731
-0.056798861016
0.0759437412552
-0.0543932676147
0.0505487526425
0.0342937243941
0.0235881874211
-0.0638969469602
-0.0494391000825
-0.0949594943871
0.0180142860034
0.0957559539297
-0.0851474533672
0.0252280252391
0.0568357487748
0.0403587283595
-0.0631246158946
0.0836752662376
-0.0491850387906
0.0549650988791
-0.0543930262648
0.0492758469545
0.0472034370822
0.0884755912453
0.0747686700575
-0.0346120315034
0.0280361483089
-0.0374459383348
-0.0673979363815
0.0838209158856
-0.0459983914242
-0.0865512943275
0.0721053803446
0.0455656180927
-0.0499479497406
-0.0239489946969
-0.0866104921701
0.0753168947614
0.0663490440047
-0.0391276900033
-0.0768151911923
-0.0867818274424
-0.0136027016106
0.055804767284
0.0862778001654
-0.0133629317818
0.0606196326255
0.0944252383868
0.00552472213681
-0.00947111007564
0.0558860677824
0.0692399565936
-0.0840932009031
0.0772504742222
0.0121708400211
0.0390308511034
-0.0672194746995
0.0381675204449
0.077365534638
-0.0361492338913
-0.0208389377752
-0.0846534969646
0.0253593318693
0.0356758714515
0.0598112089769
-0.0580016359454
0.0166075043562
-0.0765413762353
-0.0631792039729
-0.0222894083969
-0.00165413913824
0.0297681388066
-0.0954734874378
0.0156662392955
-0.0228716336283
-0.0466230518613
-0.0917607432858
-0.0412533016646
0.0144655043831
0.00269213998228
-0.0561225512824
-0.0640148766349
-0.0912179356486
-0.0765883626467
0.0199981383581
-0.00580478552316
0.0940102188106
-0.00482150794069
0.0869234997201
0.0773848723276
-0.0426929211151
-0.0331273739754
0.0987389013363
0.0449673901265
0.0264686774004
-0.00866554764761
-0.0401945011096
-0.0612817681965
0.028948791523
-0.00392541312574
0.0693333183208
-0.0996374489511
-0.0536323907913
-0.041077281856
0.0945418743672
-0.0786576490753
-0.0467742083785
0.0584904675701
0.0126159731076
0.0570862655736
-0.0269856226769
0.0819708828557
-0.069869875771
-0.0174199944049
-0.0357969380516
-0.0517755986972
0.0366195486803
0.0592837461966
-0.0874181327277
0.00745982647474
-0.0684489023912
0.0854562917118
0.0915100058583
-0.0232383454757
-0.0874123690812
0.00688699253058
-0.0221858820586
-0.0564283762247
-0.03916220958
0.0678720947676
0.0439792495659
0.0349829628946
0.0892172184969
-0.073648202392
0.0530667897105
0.0441990388989
0.054083608747
-0.00206889551019
-0.00207298940852
0.0133052228343
0.0507349064392
0.0979846062849
0.0854648648738
0.0584117939472
-0.0113306290396
-0.0969542271339
-0.0519453728746
0.0185765081386
0.0380990292603
-0.0482008163905
-0.0620607493586
0.0410907156915
-0.00697639962864
-0.0157516989013
-0.0566414325575
0.0993321695756
0.0924813080168
-0.0336916127458
0.0662949420074
-0.0400282926726
0.0714172000057
-0.0575350654847
0.0396626956774
-0.00599511466606
0.096224568501
0.0687300935252
0.0988661528009
0.0303489029208
0.0657526775772
0.0698060262378
-0.0551530221866
-0.0207596709757
0.0338558595735
-0.0996945465389
0.0764159928853
-0.0314258186741
0.038579389026
-0.0661511480543
-0.0117683018494
-0.0245810950069
0.0112866581975
0.0735811017188
0.0395790406661
0.0490293047583
-0.0399541809543
-0.0909476422967
0.0926249554139
0.0824635783618
-0.0521232259977
-0.0318452949563
-0.0512440912161
0.0523583819652
-0.047738076753
-0.0141112240933
0.0350284942778
-0.0174173767389
0.0827899517556
-0.0534130316811
-0.0948219736579
-0.00276014130949
-0.00710086521686
-0.0883298609944
-0.0664767480267
0.0490312200634
0.0500593808578
-0.0462253369128
-0.00737376977767
-0.0509550372862
0.0668361312063
0.0670192565374
-0.00797716514348
0.0756700518468
-0.0744188326395
0.0435598302655
-0.0292019316088
0.03967264738
