1.9568879
1.1870274
2.7409318
1.4203977
2.418786
6.2646382
2.0683912
0.70515661
2.6136179
2.8908786
3.8525683
2.8698144
4.403463
0.51830743
1.3182703
1.4573499
2.8635058
4.3232465
0.71562236
1.9407607
2.6733492
2.7822796
0.9912369
1.5958098
1.6977177
1.6843119
3.2275193
3.82239
1.4494501
5.3101751
4.2169773
2.0218851
1.9689456
2.162011
1.5576449
0.61072935
3.7191902
5.9135532
1.8659479
2.613731
2.9306763
6.2726047
1.1652408
2.553891
0.893082
6.8759794
2.005634
3.6338315
3.1173565
1.8008417
1.9043851
1.6962698
2.2698258
1.6336645
3.197252
1.8017095
0.66751068
1.8885238
2.5953709
7.1536386
1.375767
2.0316908
2.5905808
5.1885813
2.2474535
3.9985526
0.92132353
1.959057
1.5513052
1.8996055
2.2507261
1.4561494
2.3055748
3.5097428
2.1205386
1.1294651
3.7008144
4.2960378
2.162312
4.1099468
2.0148611
1.9300753
0.97189349
2.4956265
0.31829958
4.0277692
1.7468586
2.8926737
1.3896214
0.98462254
0.99891414
6.2136631
5.497434
2.0389505
4.0761385
3.1791113
3.0272761
3.4193067
2.5314402
6.2609334
1.5490022
1.5339907
1.6438333
2.5206336
1.8993915
3.0708733
2.2987691
0.9661577
6.2139798
5.495095
2.609667
1.1690248
1.3075607
3.1265288
0.75512956
2.5316401
6.8581938
1.1022477
2.6901282
4.1004192
2.9742071
1.749567
3.00993
-0.55893358
2.5142903
2.0630441
2.898123
1.2692641
3.2522085
3.3426501
3.4007159
4.5664731
7.0137354
3.2082158
3.2324799
1.9581539
4.8879648
3.0439387
4.2055277
3.6124407
1.5901442
5.7059087
-0.041419749
1.1515472
1.993987
2.419756
1.1123736
2.0059997
2.2882683
2.5340009
3.3941502
2.3471565
4.5524341
5.0635332
4.2985462
2.2275177
2.1958392
1.7564363
2.0790467
1.8797262
2.2787664
2.7745339
1.3197752
4.1162607
2.095301
1.368682
1.9140271
1.4520215
2.8932714
4.106132
1.9063176
3.625305
0.43627586
2.4840762
1.6603219
2.4152345
2.9859273
2.947948
2.3449469
3.4897481
4.5417569
3.9043537
0.67581746
1.4106133
2.1985559
0.74251226
2.3455851
1.2488659
7.9315304
5.5449953
3.5035302
4.4808985
3.370142
1.7972969
3.4297256
2.1230757
3.0505658
1.3461053
1.1575081
2.4620198
3.0576474
4.1559357
0.34548177
1.6135646
3.0735965
2.006697
1.743274
4.2997403
0.072886855
1.9704864
3.5372869
3.3751944
1.9823275
6.8175673
3.0063488
4.6897514
2.0988699
1.5596419
0.90672886
2.8404955
2.5160608
2.0979096
0.69014421
2.8463575
0.99996637
4.3999757
1.2422306
1.5590661
2.4808178
3.4480045
5.6194125
0.46196665
1.6011134
3.6886596
3.339589
1.1965463
2.4897146
0.77516169
2.4020145
1.5308032
7.6178734
1.4582217
1.3122124
4.6812882
1.5167277
3.6329446
2.5494707
2.1169749
3.6754347
1.4372245
1.8829005
2.8224805
3.311972
2.2624928
1.9097171
2.5170682
2.3963379
0.98861642
2.382039
1.8213999
1.9664368
1.6127587
5.011835
2.1712779
4.2360434
3.1572342
4.8267462
3.1378396
3.4114387
1.6313176
2.651782
2.7159809
1.6727941
1.693911
2.1257555
1.6656708
1.2081648
1.4445795
2.5214465
3.6682485
3.2323004
2.8865244
1.0588618
2.8287843
2.3925237
2.684239
3.966648
2.8213749
1.9098961
3.9645864
1.5841119
0.059098043
3.8406993
2.1881346
1.3284419
4.2830424
1.1934896
1.2365217
5.1671014
1.5721058
2.2604683
2.8027542
4.2178285
3.7574879
2.1265623
3.4240726
2.5485352
5.6579678
3.0553132
3.3448462
1.6380943
1.2140042
3.3195228
4.4132971
3.0883656
4.4210667
1.8573556
1.2519935
5.0672323
2.1471104
2.052916
2.7398343
3.7210874
2.159312
1.9574732
1.1598848
5.8027358
2.4020258
1.2627811
-0.22136588
2.2478824
3.065128
3.3508699
2.7431946
4.652343
2.1380725
0.50603658
4.3371482
1.2429741
1.0517507
3.598649
2.1584823
1.896612
2.2837777
1.0911776
0.49887513
6.6435048
0.41541548
6.3538546
2.2555723
1.6504965
2.2043108
3.1148607
1.9113549
3.6030629
2.1018036
1.1913404
5.3610873
2.48687
2.0281784
1.5532978
3.1415228
2.4918055
1.9458036
1.3925281
2.3103159
2.2742868
2.175697
1.4185118
4.6739979
2.0425063
1.1811081
1.4467465
2.2359868
2.643818
3.9681984
5.6963093
1.0374117
1.2160644
5.716994
3.1590731
3.1996492
0.65857571
4.2237028
0.57864955
0.62099729
0.62606638
6.4093878
2.6849083
2.7649312
1.5836385
3.8046637
1.8077973
1.1958216
4.6854254
3.0409467
1.3135887
0.80442428
1.6636863
1.5417703
2.6059297
1.6951064
2.5636838
3.9765906
5.6412449
1.878298
4.3119047
0.77393463
2.3501741
2.272089
3.3071894
3.2144735
1.4057167
2.1671077
1.1272162
2.7029473
5.279788
6.2282592
2.8146589
3.6434261
1.9719966
2.8709755
1.3340633
-0.69608545
1.7485589
1.4012433
1.5378242
2.0067156
1.7346538
1.3372218
3.4669277
3.251369
0.98090962
2.504871
3.4419172
2.1009708
2.9012319
2.3656771
1.3240328
1.4478674
0.19635117
2.3789001
4.1559354
1.0238665
4.1231871
4.6761493
2.2414982
4.5271088
1.8675064
7.2189352
5.29418
1.6591235
5.1618212
1.6503868
1.5883591
2.2878091
1.2432916
6.1172264
0.76263
-0.40829583
2.8167289
2.357818
0.68875651
0.54278109
1.5016083
0.42881309
1.6074109
1.0506339
2.7813205
1.7576649
3.4296713
1.3661385
0.24103427
1.0981574
1.5821939
3.2891152
0.41922584
1.3102613
0.57668702
1.9038717
2.22368
2.9042029
1.7591635
2.141472
2.2696867
3.8727268
2.9582106
2.4490236
1.4780389
3.8985917
3.4186351
6.5836515
1.6378197
5.0825864
1.5672133
2.9715006
2.3564247
2.7223889
2.396699
3.0746563
2.8112236
3.6764107
6.8874186
2.7771378
1.1400543
0.60572027
4.8390387
0.50825977
3.1032823
0.93234689
0.48903681
0.57010703
2.5178447
2.2792219
3.8216529
2.153006
4.9926795
5.9905994
5.8342083
0.97831847
3.0857635
5.5539068
0.847543
3.7230082
2.6362459
1.7515284
4.8233252
1.4219998
3.267107
1.5771253
2.7371783
3.8813797
1.7363483
2.3440348
2.3192669
4.7570243
5.0223871
2.7949034
2.7369782
3.2109254
1.9292923
1.4152514
1.7666047
2.1097293
2.0263643
2.5702976
3.5948297
3.444892
2.987492
3.8627545
1.2268523
2.0146519
1.0332373
1.6112672
5.9371093
3.0581352
3.2919207
3.2093926
0.99695555
1.4509967
1.2232079
0.73561786
1.9315777
4.6348075
3.0841789
2.0858381
1.7042029
0.85553709
2.6736025
2.0881412
0.96874802
3.6653698
-0.51912777
1.0819229
1.9065392
1.2330155
1.1840681
0.16416727
-0.045786337
0.65138192
1.225268
0.26827736
0.75588599
0.75587739
0.13126573
0.24710909
0.077494508
1.3211934
0.92135639
2.4042833
1.6635219
1.2597982
0.97252258
0.72657648
0.84380629
0.83297502
0.019390008
1.2812908
1.2133755
0.69310007
1.903247
1.9826508
1.886315
1.9397979
5.4562567
3.7081302
4.0242703
0.77486173
2.6270854
2.2245227
0.45474121
1.3125146
2.3579958
1.9217961
1.387086
2.4577004
2.4883081
1.235648
0.81198968
0.75467248
3.4779619
7.6624354
0.80007714
0.68783793
1.0006627
1.8147152
1.0068544
2.3616281
5.6614186
8.19974
1.6363644
3.8217462
2.4008755
4.2560111
5.534787
1.8489379
2.0642564
1.8324304
1.0899636
0.81764358
0.40047608
1.3810721
2.0118738
0.24913737
0.61750182
0.53560131
0.50184243
0.53889318
1.8147458
1.8464624
3.1331564
5.4165038
1.4308445
-0.71136952
0.79985972
3.3357005
3.5722742
2.1303006
6.3094048
0.70475497
3.419554
5.1213049
3.6176309
0.98768362
1.0654375
4.106052
5.6730934
1.0799262
3.5304668
4.1370239
5.8825185
3.911521
2.48364
2.9082037
5.6787397
2.2680515
4.018236
1.6269053
5.6034486
1.6068128
1.1895212
2.9700518
3.2670241
2.9626372
4.2872561
4.7226772
2.1511902
3.099051
2.1791722
1.5258615
1.6678364
3.8301237
2.1829964
2.1643877
1.1205742
2.0789021
1.0216683
0.12094187
4.9686418
1.5721108
0.60143433
0.5898894
1.8517433
1.8794448
4.6894696
3.8306903
3.4600946
3.2275819
3.2131207
4.9566064
1.3447643
0.83515206
3.6988265
3.7752463
3.0860558
1.3218621
3.4358047
0.70408332
2.1505994
5.1986407
3.3527883
0.9392273
2.2049716
3.5430868
2.059654
2.4041551
4.5983931
0.86385851
0.7295804
3.3912973
1.6170573
2.1884925
1.2737568
2.0295363
2.8388675
1.751927
4.1423027
1.9711072
1.369054
1.4275094
2.8955478
2.9449018
4.1908766
0.94965547
2.8089535
0.12865042
0.89972336
-0.22219268
0.21212741
1.1083606
2.2960481
0.72646648
1.3501783
1.4754437
0.75555743
2.2438746
0.93867384
1.1294142
1.1518745
0.58990803
0.72919334
0.8419205
1.5035682
1.1986471
1.3030362
1.4184077
1.8773796
1.2636568
1.3688259
0.65474582
0.7139707
2.4943964
2.0429689
0.79035061
3.2134354
0.045621621
0.58273468
1.5704907
0.79930166
-0.056813721
0.93070209
1.4764635
5.0268432
2.7883226
3.3289059
0.4336009
0.48776583
1.9563179
1.259355
1.3695229
1.0900926
2.3877342
1.9610401
1.9558261
2.5315838
1.2826094
0.86995227
2.0567602
1.2362519
2.2901094
2.3295421
-0.068960906
1.4274528
1.6994541
0.91533714
0.43299941
2.5496202
4.5974858
1.198884
1.689413
1.8606626
1.1997126
2.7587373
1.9230476
0.65289826
0.78288803
2.1824362
1.7486032
1.9293637
2.4128276
0.28857394
-0.35969061
1.0798676
0.53035193
0.9271733
0.8929154
0.20463249
1.1102356
0.72675209
0.41107102
-0.97824932
0.30363961
3.974716
2.2840418
2.6632384
1.6960554
1.1108197
2.348244
2.6094772
1.4833934
2.1001307
2.2864978
4.1509638
2.4508596
0.73129496
1.1457588
0.65458814
1.0913464
1.4461089
2.1540272
0.40785334
3.290516
1.4050995
0.86360798
0.48007672
0.63641712
1.9701503
1.0572546
2.4563533
1.5083055
2.5937455
4.223119
1.7880579
1.3056634
2.9811701
1.255638
1.3981588
2.6372842
1.9170711
2.3484321
1.3593649
0.2095099
1.8903726
1.3840893
1.0973627
1.6374462
1.1927725
0.7184311
2.015217
2.0648372
0.90418504
0.55226126
-0.085894856
-0.7396781
0.93439066
1.1440301
0.80975706
0.57939692
0.17696637
0.08116099
1.6594997
2.7934975
1.1526946
0.95573358
1.7781875
0.82740453
0.37723798
0.66610686
1.9704089
2.0515019
2.1140335
-0.44612327
1.4229571
0.55692936
2.608394
2.070332
2.6198349
2.0722637
3.1717382
2.4917252
1.5994468
2.439045
1.9229645
2.0496736
1.316455
1.292921
2.8035883
0.84558585
2.188229
1.3803446
1.4066484
0.43967814
2.3312787
0.33369421
1.2438106
0.53940308
1.2886575
0.43131301
2.0106346
1.9026193
1.44875
1.5197365
1.6035825
0.81851327
4.138873
7.4566413
1.147378
1.7021777
1.236528
4.1396367
2.3138022
1.5158931
4.8532914
1.547309
1.6445452
0.047174271
2.960285
2.9386275
3.9115542
3.0082217
-0.08711667
2.6871918
0.41055073
2.406518
0.28693749
1.9935005
2.2233456
2.1522875
1.2238035
1.7964699
4.8185569
2.5325823
2.0416678
6.1230644
2.8397725
2.7149988
6.0572206
3.5467921
2.4516676
1.2541244
1.813818
2.5164217
2.449555
1.0470679
1.8005979
2.6730963
1.1158434
1.2546223
0.12253984
2.3220749
2.1514933
1.9538595
1.9735195
3.3205681
2.5451602
2.3673198
3.5796806
1.9326506
4.6769508
2.2949121
3.2385734
2.5577835
5.2867775
4.2442052
4.0585106
2.4731985
3.3123838
1.9645942
2.4696433
3.0292501
1.6169612
2.0400118
1.7526451
2.069838
2.6032252
4.1363308
4.9731553
3.9923943
2.4436401
2.0040793
1.998638
2.7716859
2.0524442
1.8212059
3.8834479
2.0736881
3.1005341
1.9324852
2.1177912
1.9524496
3.1756177
1.742698
1.9400244
2.4567949
2.4600533
2.0879472
2.1413736
2.774725
1.9016415
3.5109624
3.2724359
2.5471357
2.1364477
2.3631323
1.6233878
2.5439391
2.1409901
2.7901897
1.9791269
1.9577091
1.8097745
2.0539323
2.568159
2.1291124
2.3319717
1.9110888
1.883095
2.4736788
2.5048762
5.1346829
2.2149194
2.549665
3.1178811
3.4567668
6.9984372
3.2713153
2.37121
1.5513366
2.2209168
1.7621163
1.7071735
2.6275307
2.1092463
1.6772372
4.2750273
3.5273929
1.7721376
1.5243662
2.2250707
2.2239652
1.8750691
1.8666476
2.8236964
2.1888695
2.0015197
4.3972532
1.9658705
2.7162137
4.277639
2.1508225
2.4164589
2.1400235
2.420523
1.8897353
2.2720878
2.8223723
3.4770357
2.3618586
1.961082
2.0244524
3.9152807
2.2791343
2.2370061
2.5215263
1.9568593
1.8398845
2.5776124
4.417706
2.5812368
2.4846253
1.9547661
4.2499087
1.9484885
2.1241625
2.2284985
5.2667842
3.7477226
2.6995348
2.6426596
2.0443779
1.8774208
2.4905464
1.9253554
1.768118
1.839655
2.0344583
2.5183521
2.0737759
1.8356928
2.3412426
2.2433396
2.8568571
1.8220756
2.741283
1.8644592
2.5700977
2.0885548
2.3950961
3.2501895
2.8364335
2.4596646
3.9531064
2.2110185
2.2619642
4.3276848
1.5212637
1.7368146
2.024661
1.8565707
2.8177637
3.1232809
2.0695261
2.3665074
2.1485782
1.9069899
2.0659366
3.4516122
2.1324968
1.9947045
2.4127478
2.5211478
3.4692009
4.2162294
2.4273949
2.1878536
2.1808089
2.3280292
2.6949632
1.8835473
2.8902929
5.7033965
2.1392629
2.138744
2.1121933
2.2782267
2.7762615
2.0442869
1.9576593
2.7617763
2.2301524
1.9124266
2.3547704
1.7910914
3.4200197
1.8248352
5.4529673
2.0169391
2.8238423
1.8914305
2.2035113
3.3828374
1.8084181
1.8511695
3.6589076
1.9471494
4.1356251
1.8769196
6.1981932
2.2185189
1.9015658
3.1471117
1.8701252
2.4846863
1.8013399
2.1526308
2.981398
2.2780489
2.6869336
2.0172977
4.3206557
2.2341513
2.9040517
3.1791026
2.1849961
4.3037148
3.4916148
1.8113208
1.7134308
2.4650263
2.4927094
1.7134076
3.2235502
3.9139929
2.3862487
3.768748
2.2953644
2.6522026
2.9745624
3.9126391
2.7626748
2.1450193
2.3292155
2.5915462
2.1344794
3.9776387
1.9473248
2.0180262
1.91837
4.9788571
2.5071601
3.0181135
3.3104084
1.7719219
2.2070988
2.8766727
2.2015667
2.3814042
2.6187657
2.357084
6.3484817
2.7032329
3.151571
1.8837739
2.2279277
1.619383
2.4225088
2.230168
1.8360495
2.9674776
2.0020048
1.8545793
3.3510052
2.3027337
2.039495
4.6107017
1.8818449
2.8432737
2.0010064
5.815687
1.6730072
1.7757235
1.9964368
2.134834
2.2372717
2.119744
1.8711626
6.5390138
2.4659498
2.8985259
2.3281911
2.4939607
2.5207838
2.222954
2.0884711
2.5600457
2.5237969
2.695954
2.546762
3.1535973
1.8356972
1.8520077
2.1195943
2.323742
1.6052126
2.6126789
1.8824856
6.3093348
1.6092284
3.2317885
2.4011904
2.216225
2.9926614
2.030421
3.8918425
1.8416847
1.977895
2.2314348
2.8997347
2.8589794
4.2803634
2.0918569
2.0983728
5.0714508
2.6130333
2.4254927
2.2959505
3.8187262
2.1019139
2.1092952
5.5385075
2.2495392
2.015405
1.9654391
3.6118354
2.112069
2.3231258
2.2853337
1.381521
2.7068357
2.7695961
3.6983595
1.6004485
2.2792513
2.4310475
1.9891678
1.9588133
2.5988347
2.1255847
2.0470165
2.5672105
2.0231269
2.4504299
4.3389086
2.3411161
1.7509509
1.968196
1.8413007
2.1307208
2.8818152
3.3780148
2.1392865
3.5755962
2.9390165
2.465658
2.2554166
3.0287852
1.9961582
2.5426365
2.0397914
2.3182984
2.7810168
2.7988565
2.0160022
2.6984629
2.0064495
2.1362216
2.1296041
1.9701536
3.5329822
2.5786758
2.6521208
1.8755684
1.9594874
2.1554584
2.1018176
2.3827221
2.0396963
2.7983418
2.2991092
2.1627865
2.0330044
2.1624179
1.6163509
2.1479827
4.3036174
4.9006149
3.4965757
3.1677606
1.7509406
1.9161758
1.8829311
3.4454485
1.8263573
3.0361085
7.434948
4.7910357
2.8700531
2.2665787
2.1742442
2.5875403
2.1761805
1.9801158
1.847343
1.917017
2.6509204
2.0252125
2.6662523
2.0375627
2.1919863
2.2210345
1.6709868
2.3098713
2.5339538
2.743751
2.9146587
1.9359682
2.3920155
2.2404464
2.0196187
2.8314002
3.8743658
4.4021318
1.9023854
1.8260565
1.7840758
2.3402411
2.2188635
2.0639156
3.562571
2.0463925
2.4995102
2.7280441
1.8234613
2.106113
3.0537169
2.1842185
2.2323982
1.9598261
2.7358481
2.0670831
2.1873879
2.1627039
1.8514191
3.8397012
2.0818712
1.9437674
2.653695
2.9722003
2.1283219
2.25986
2.0135649
2.1556842
1.8125009
2.4251268
2.0426448
2.3435532
1.7690112
3.0516368
1.5821159
2.4584736
2.18231
2.2165486
2.6796256
1.8260917
3.2709766
2.7486568
2.414187
4.8674932
3.002288
1.9936557
2.1218816
3.404539
2.2690147
2.0171352
2.8516122
4.4959881
5.0225752
2.9169503
2.1079361
1.7466374
2.4076069
1.8618071
2.187342
2.4587906
1.8434731
2.2795386
2.3416889
2.3886039
2.3425456
2.4110558
1.8754412
2.5568813
4.8825212
3.1339271
2.2191042
1.9939737
1.8411669
3.3892167
3.7370748
1.8314952
2.4763171
1.9963563
1.8287462
3.6287238
3.3899837
2.7193833
5.0051708
1.9481965
1.5249153
2.3743031
1.9063702
2.3512601
1.9861496
2.5945108
2.182182
5.0246326
2.1611864
1.9951682
2.5789464
3.0720133
1.9417663
3.0272343
2.3036461
1.9794939
2.1237484
3.8534316
1.9315042
1.8442336
2.1086132
3.1173294
2.4030203
2.7318001
2.7124208
2.6209462
2.4019288
1.9210718
2.5870901
1.715799
2.900058
2.8843682
2.2520639
1.9016907
1.8963158
3.84502
2.5947692
2.3845654
3.4773525
4.0722851
3.3395162
1.7477895
2.4144918
1.9718615
2.2837037
2.3050193
1.9829389
2.1200263
3.2989118
1.7701875
2.426997
2.1117228
2.9072265
2.1219931
2.770501
2.5712362
2.1376657
1.9801718
2.2770213
2.2813044
2.5959205
2.9341607
3.4423387
4.4210859
2.9690455
3.091452
2.0833446
2.7068144
1.839876
2.965729
2.3366525
1.8745377
2.5891917
1.9426541
2.3688791
2.2580524
2.4348273
2.3533831
2.9389993
2.4070222
1.7885765
2.5251278
2.5322737
3.353413
2.9892777
2.8412838
1.9287123
2.2180949
2.7161971
2.7169066
1.9359779
5.8957798
2.6876437
2.8431151
2.230835
2.6961737
1.7418239
2.6050532
2.5094473
2.7463187
2.0924248
2.133276
5.6990994
2.1505531
2.358972
1.7732527
2.3289368
2.2573864
2.6494575
1.4660696
2.2714224
2.0866882
2.2690689
1.8489285
2.4313123
2.8533658
2.412493
2.9627228
2.1399647
3.2416648
3.3289988
2.825551
4.9832219
2.5616267
3.9404417
2.8211521
2.7192428
7.9459628
1.6445395
2.3983702
2.3510768
2.3020051
1.9684277
2.3747442
2.2597904
2.2468258
1.9260259
2.9292431
4.1393321
2.2948358
2.4180224
2.1070416
2.29353
2.1332588
1.9375059
2.1314691
2.3109072
3.6600712
2.3841501
1.846497
1.6580867
1.8218395
1.9274031
1.7549993
2.1654181
2.4157857
1.8055029
1.8472965
1.7562894
1.8622797
3.2877003
5.794742
2.9353401
3.5364667
3.3460802
3.3399446
2.5599039
2.6877922
4.9748011
3.9159678
2.6059254
4.300293
2.1493066
2.8837825
4.6874893
4.2242493
4.4768
2.4061486
3.966744
3.1232144
4.0916483
3.4775058
2.3055627
3.6302179
2.430506
3.1835366
3.0787087
2.152473
2.0094911
2.8234823
2.0838982
2.0579099
1.6550854
1.8336441
2.1861312
2.0292042
2.0011672
2.0329491
1.9162513
1.9292726
2.2657214
2.500423
2.1990527
2.1465908
2.4089599
2.8070264
1.7766841
2.3368745
2.1258794
2.5763175
2.4553164
2.23289
2.1607007
2.4508798
1.9647993
2.9010883
2.5473168
1.705826
2.0623795
2.5416674
3.1338885
2.2663754
2.6935346
2.1636479
2.4923883
4.0644927
2.6389571
3.1569528
1.7499578
1.8582081
2.7775167
2.8153397
1.9521639
3.5669755
1.9811117
2.8726775
3.4024768
4.1573916
2.4591339
3.0674815
2.0305254
1.9789971
2.4010134
4.6270477
5.0559079
2.6324639
4.0737888
4.0194629
2.534285
1.7352047
3.4120076
3.6062141
3.3013021
2.5157416
2.0417038
3.4457604
3.6628222
2.1284214
1.7681447
3.0907233
1.9702501
2.1058612
2.0815869
1.9570683
2.120412
2.829487
2.1074888
1.9165454
2.4524929
2.031053
1.8450043
2.181383
2.0571128
2.1057142
2.1978443
2.5081505
1.9525128
1.8630965
1.7908475
2.6429364
2.7070694
2.4809797
2.2363469
3.8982633
2.366832
2.0255957
2.6058963
2.2435872
3.4549332
2.20407
2.2308687
2.1874086
2.280334
2.9249912
2.4482798
1.7021994
1.8314205
2.6662579
2.5824407
2.2518216
3.0747706
2.589584
2.346941
3.5903391
3.3281732
3.9294288
1.9958549
2.2601774
1.9388481
1.8533073
2.0254592
2.5304496
2.3199013
3.6385234
2.0089947
2.5350058
2.0259257
3.1752331
3.5837804
1.8333399
3.1877492
2.0915486
2.2499065
3.3851743
2.2387163
2.0861421
4.7752604
2.2285776
2.9847907
3.8998588
2.5906756
2.4761027
1.9435848
2.2352611
2.5195735
3.593638
2.6644022
2.8976861
2.5396182
2.2353951
2.1127618
1.9007441
4.8318627
1.9080836
1.785486
1.9323175
2.9543642
1.3678072
2.1654096
2.2980963
2.0166186
2.111561
1.8296181
1.9656908
1.9119118
3.7515754
4.1438142
2.7386629
3.0103278
2.498251
4.0978602
4.6595826
4.0359876
3.8231893
5.3967276
3.7319404
2.4563089
5.6586674
4.4085569
4.2598681
3.6016348
2.3294426
2.5259656
4.2957491
5.7496449
4.2775552
3.9348637
4.0317794
3.6758881
4.5786656
3.9961898
3.8876995
4.083344
2.0014077
2.4222228
3.0301835
4.6305013
3.5671896
2.0752486
4.8823464
4.4785771
3.2479918
3.5930785
4.1775076
3.4533772
3.4240381
3.0803635
2.775966
4.3828076
1.9780235
3.6578136
2.1838366
2.567467
3.6546131
2.6115017
2.5495062
3.3452962
2.0449739
3.1092364
1.7729129
3.477351
3.7225364
3.3547221
2.1773685
3.300136
2.685708
2.433181
4.2481503
2.485026
2.084827
2.6687796
3.2795964
2.5078828
4.0601288
1.3757173
2.938793
2.6199736
1.7932166
2.2986701
4.2006688
1.8893275
1.8208792
1.5922294
2.717281
2.0805196
2.2379323
2.6582873
2.1018726
2.8104355
4.6699601
5.0934711
3.6723107
4.3068997
6.1098084
5.8288111
4.8308947
3.4864143
3.533375
3.4944826
3.6331629
3.976907
2.6089977
2.2393314
2.1940938
2.8070556
2.0259273
1.5747773
1.8568929
2.2302815
2.5128527
1.7399302
1.9642205
2.2431814
1.9862876
2.7828658
2.2656327
2.3090855
2.4230153
3.4659077
1.8946052
1.939521
2.7962934
2.3124936
2.4208989
2.5620077
2.8906177
2.3877044
1.9286057
2.7077745
2.9181894
2.3220563
1.8248807
2.4461799
2.810678
3.1338425
2.386349
1.6700435
2.0924406
2.3885724
2.0007801
1.9921957
2.0211288
1.8404728
3.5404166
3.6334409
2.7666852
2.3252104
2.7449826
3.0246432
3.5316159
3.7320707
4.7208442
3.8872827
2.5304653
3.6101425
3.2762005
6.4735555
4.5403005
6.7698765
2.634942
2.4477591
2.7724344
6.0143426
2.948428
3.2933587
2.005294
2.5217908
1.9183231
3.9685184
3.2495444
2.4603113
2.9804081
3.1022009
3.0448268
3.3550889
3.2842688
3.3005351
3.2480134
2.0431364
2.5253941
2.0094864
2.0329329
2.3907052
1.9106968
1.9468565
1.9917876
2.0484521
1.9908765
1.8049155
1.7524752
1.8844737
2.1956801
3.1263535
3.5320152
2.0048718
2.6800675
2.0942186
1.7698726
2.1826278
2.3243894
1.5308874
2.2610895
2.0862842
2.2192416
2.6041564
2.7712352
2.8214053
3.096764
1.8972
2.3880381
3.2294187
2.0470797
4.0640051
1.7647616
2.7143019
2.3929394
4.350022
3.9158109
2.5057832
4.8815472
2.4567837
2.8987071
3.3675486
3.2127091
4.0369956
2.914934
2.4108192
3.2255004
2.1612832
2.4367246
2.1721066
1.9265591
1.7471657
1.7687143
2.1487576
1.5755072
1.994506
2.1615734
2.0103807
3.2989834
2.6703974
2.2422665
2.1656222
1.6970503
3.3477987
2.2660989
2.1370616
2.3196325
2.3560053
2.9860097
3.2279929
2.5238557
2.06714
1.937552
1.734015
3.1342946
4.0962221
1.8966175
2.0649925
2.2492345
2.2481521
3.5064556
2.3559021
2.1104401
2.2375486
2.497104
2.5707064
3.8704145
2.317675
2.8709689
3.2459082
5.6738924
1.8950787
4.7156534
3.4738483
2.1703978
6.0522557
3.329422
4.690081
0.57714272
4.8086574
2.6790856
4.4046008
3.2963176
3.1711834
3.4877012
2.703174
4.5608408
4.616152
3.9114448
2.6658871
1.0731953
3.3514657
4.8119545
2.8074979
3.7538554
2.3988656
4.3695628
1.7303439
5.5189214
3.2828118
1.6000522
6.4549935
5.0041437
3.239816
4.9489715
1.6646758
3.1418917
4.482987
2.8808156
3.7836536
3.2569806
3.4576033
3.799072
1.5751498
4.5715593
5.4910937
2.2753682
3.1419675
3.9924916
2.9446232
4.0378339
2.1356378
3.9724569
4.477742
5.3017148
1.990107
2.9170053
3.7814977
0.31194019
5.51819
3.7454485
5.9500993
4.7076627
2.8301426
3.8490972
4.3535164
3.2221986
2.5242838
2.4499181
4.4288184
3.8692316
5.7696677
3.942173
4.9323603
5.4850485
2.1504975
4.2685395
5.5912074
2.0042118
3.9935838
3.5721501
2.3737397
4.0287074
2.6510806
4.6646416
3.5571964
3.3550222
1.9715207
3.7285474
3.5537581
2.5726662
4.024055
3.7308391
3.7324656
3.8449115
2.905209
4.3575452
3.4711225
3.1633126
3.5664705
2.9770937
5.226152
4.7090032
3.3563342
2.7890507
3.269178
4.7957651
4.8989018
3.5846399
3.2125584
-0.44721299
2.1266033
3.0641413
4.271233
5.302295
3.3326129
3.2745405
2.9152192
1.532769
5.2231522
3.6344373
3.8165394
3.7631579
4.5281508
4.7574523
4.0969833
2.6851049
1.4621678
3.3859089
5.0003696
3.2615191
4.123764
4.3823502
3.4399454
3.1022368
4.0339252
2.2168853
4.3692334
5.6161849
3.9035723
3.2432942
1.6801214
1.2413253
6.8451976
4.2105352
4.5002912
0.49675889
2.5558773
-1.0124913
5.9786764
3.3373787
4.4175345
2.8958466
3.0680404
3.9579511
3.2225295
3.4915274
3.6640037
3.9697514
5.0871934
2.6977819
4.6139654
2.8885146
3.1781389
5.5168308
4.6822211
2.0033814
2.4185594
3.8814145
4.8339955
1.9072908
3.929176
5.9873552
4.9429686
3.446466
2.8454499
2.822174
5.5184634
2.9981963
4.6210348
2.6762242
4.1883517
1.0599496
2.422928
4.0488075
1.74164
5.7717642
4.3211722
2.9062249
7.1216574
4.161218
3.9981641
8.7900271
3.5017134
4.888399
2.3381445
2.3659883
3.7634709
3.0660133
3.8879853
4.3245623
4.1920074
5.2320052
2.5536116
1.1904037
4.443912
3.1446593
6.0197318
4.0231096
4.9521167
4.9008843
5.5569225
4.9125243
2.8299849
3.1179473
10.761714
3.0973351
4.8153869
2.2672731
3.1720374
3.4048982
1.0683605
3.9915109
3.9894699
3.8133209
5.1131566
3.3940642
3.2626074
2.2259467
4.3451487
2.2011942
3.9279773
4.1741802
3.1364586
2.7161052
4.9128796
5.650653
3.6447046
3.2223801
3.9534116
4.9754807
3.1139681
3.4194711
2.6828117
1.552599
7.7160992
4.9283092
4.6248905
4.1824097
2.3967228
3.7663992
3.8550067
2.0082653
3.9975433
2.9736817
3.9231093
3.3453406
4.4239678
2.7773444
2.1286902
1.9014555
3.6410481
0.76663809
2.2630323
3.824481
3.4653311
3.1115294
3.9210381
4.7699977
4.7772414
4.167693
4.4649296
4.2884924
2.8021544
2.6172971
4.5798773
3.0235931
2.8266158
6.0389016
6.0629512
2.063552
6.6962186
2.9717102
4.4434925
2.497834
3.5040981
4.5375672
4.3049222
2.1419086
5.6557809
4.6643863
5.2523552
2.03209
4.8714638
3.5002733
-1.6139131
2.5755196
3.904943
2.4799389
4.5297303
4.5098086
4.2588283
3.1952967
2.7689237
2.5457206
3.3440085
3.1676126
2.6707337
3.261667
4.5594903
4.2726074
5.838776
1.2780561
2.7433971
4.0345655
2.6929297
4.7490726
2.9325272
3.1479738
3.6391526
2.3864521
3.6148211
2.6049457
3.5330793
5.3123536
3.1264788
3.9540483
3.5416775
3.4541196
4.8451616
3.2960017
5.2916959
3.6518684
4.6727298
3.8597163
4.236847
3.5815922
3.7477847
3.9006688
6.871887
2.7896181
5.3794672
4.6177329
3.4018016
2.505393
3.7795319
1.2218464
2.2330818
2.9610462
2.5115891
4.1868978
2.7727351
3.5251857
4.4055259
3.4462036
4.0258509
2.9585686
3.9862162
5.3955043
4.5751653
3.7094834
4.0005012
2.4389551
4.5599404
3.546035
3.2220961
2.01739
3.5703783
2.5004499
3.5250901
4.003054
4.241936
1.7916795
4.1648388
3.3460896
2.2503942
4.0070147
5.1416596
3.3012298
3.1017197
1.8080058
5.2669686
3.5314705
3.5493944
2.693256
2.7395209
1.5671762
3.9789671
4.1697332
3.8891131
3.4345372
3.1690435
3.0174069
5.0350531
6.1915739
4.5130513
6.0616734
3.9750176
4.723233
4.2017536
4.1697581
4.3506623
3.3939426
3.9065568
4.0841634
3.1839611
4.5375255
0.69863307
5.3109542
3.8020059
4.2281888
3.498967
2.2967749
3.0183906
2.679681
3.10607
3.4572033
4.7139047
1.761608
3.0992287
4.4208004
2.8702835
2.8802523
3.7130255
4.996261
5.0051486
3.2252986
5.1489096
4.3625596
3.6502059
4.7688424
6.5546226
2.6877359
3.9002315
4.3800407
3.2767438
1.9158676
2.9012551
4.1185875
3.4524794
3.3773323
3.7987847
2.4796133
4.7114444
3.291059
4.2510009
3.4942468
5.7883902
3.025965
4.129158
4.3086521
3.1953702
4.363597
2.1921251
3.3661009
2.5448834
1.7789898
6.2931052
4.5577561
2.1493682
0.43276347
3.4025156
3.3430402
4.5853717
4.5717977
3.8800017
2.9114649
3.0235055
1.5327031
1.2851906
5.4295244
1.8582425
3.5749525
1.8034571
4.8641727
3.3111566
4.3896164
3.6250836
0.45220286
3.2388108
4.7810519
3.2247102
5.5431095
3.0185924
3.8415045
5.1213361
4.4806787
2.6704366
1.1612428
4.2207435
3.8926688
1.5894202
2.7315776
2.7551149
4.3626691
8.3325264
3.2134659
3.2889963
2.7961196
4.1844222
3.5465964
3.6235667
3.5493961
3.1629561
4.0423457
4.3826863
1.8390128
2.1502083
3.9756557
2.8319756
2.6297186
3.5131105
1.9824371
4.5834937
4.2979223
3.3586936
3.8283571
4.0313142
3.7651506
3.6372298
1.9236599
3.7081255
3.4392993
2.9403907
1.6360709
1.9911576
2.3839867
1.7958961
3.2402403
3.3501055
3.778561
6.2672425
4.7941015
2.7032628
4.1877952
4.9768255
5.2536357
6.5348844
6.3712362
5.1578402
3.1088103
2.5780605
1.9348263
4.3246991
4.7367091
1.2147545
3.7387972
2.1402889
4.3407491
2.8742575
2.7353526
3.6234263
2.2079471
2.7574576
2.2514811
1.9041539
2.6049905
3.1777544
1.8218588
1.1069281
2.3914315
1.6008732
2.3705182
4.4036417
4.4119217
3.0944779
3.3296457
4.8353142
3.5403048
2.6411579
3.2674151
2.9617942
2.9037498
2.8082056
3.128408
3.0033304
2.4911625
3.1256141
2.1196915
2.4010705
4.5219268
2.3294529
1.55647
4.5844956
3.5221968
2.4674075
3.2263987
3.1077412
0.98515427
3.4360668
1.838264
2.1195221
2.3479881
4.8628534
2.6711088
1.6290643
3.5510868
5.0391537
5.2078885
3.083352
3.3292135
4.6759445
6.2556768
3.3362524
3.3374222
3.722263
3.2317163
3.6235955
1.1974058
2.1571249
3.1597796
2.1626746
1.7377008
2.7707696
2.7275951
2.2650837
1.5399224
5.9711236
6.8457908
3.9596766
6.1125493
4.1744525
4.6540563
7.1596618
5.0895952
5.8340921
4.3097787
6.333824
5.683031
5.3424137
2.0675103
2.5685886
3.4587876
4.6181589
1.9322221
5.1426606
4.9590716
3.8623023
2.311624
2.9062362
2.7239575
3.289566
3.8801073
3.7989357
3.4571564
3.7690663
3.2028718
4.824864
3.8243941
3.5067904
1.8697146
2.8595867
4.4608285
3.2475032
2.5502121
0.90498372
4.3598529
1.7269845
2.9027316
3.555449
0.75499314
1.1562451
2.6327686
4.4366073
5.4386843
-0.21106441
3.4295288
2.5383863
3.8831315
4.8436555
4.9017534
4.2090343
4.1120275
3.6840855
4.4919085
4.4032544
4.3142057
4.5266179
3.5531521
5.1184505
7.9317323
2.8761992
4.4014623
4.4795684
5.690864
5.0632268
6.0207191
3.9505786
4.0026491
5.3694237
4.1334755
1.5382167
2.5211412
4.5496854
5.332782
4.446754
2.2054985
3.8018313
3.5804368
4.2362735
2.5091167
5.6491703
4.8621619
2.872357
5.6967432
5.1395745
2.6759476
3.7205601
2.4422631
1.5938088
3.7832225
2.4030776
4.1274503
3.3803966
1.7645624
5.7425616
4.9419248
6.059157
2.2509073
1.9238811
3.5148034
4.4422243
4.0734908
2.6108074
3.9043716
3.268141
5.7490187
4.1088174
2.5236412
3.4601034
4.556341
3.4560464
4.0111356
4.2090712
4.2742259
4.1731237
3.919932
4.1666038
3.986104
4.2203033
4.3443493
3.7812379
3.5993094
4.2370872
4.5869908
2.2867011
2.8389407
5.6490348
3.9163114
4.3425359
4.5524833
3.6822408
4.2800497
1.7779093
1.3863251
5.1090939
3.8625676
4.3123349
3.1160478
4.5050599
4.2826905
4.3022424
3.8756404
4.3894834
4.2661935
3.8619203
2.2954893
4.5723224
3.5102798
2.4830119
2.8386296
3.4578514
4.7814046
3.6299944
3.9939103
4.8275312
5.3984852
3.5493053
3.6537559
3.5255552
3.3316742
3.8845788
3.2842743
5.1680737
4.6848185
3.7053304
4.7370729
3.4756219
3.5524702
4.7436756
1.3400233
3.6625251
1.3861766
2.6216486
1.2841034
3.4689859
0.98830843
1.3042526
0.35668654
0.91665088
3.5420283
2.7603878
3.9150335
3.2444942
4.0849116
3.9189075
3.005438
4.4665725
3.3770202
3.6692592
4.6132026
2.9105323
2.0470423
2.161091
2.9906221
4.1401416
5.5865272
4.9353166
4.3269853
4.3588594
4.3337518
3.2772503
5.4586015
3.6279326
4.9071913
2.6569228
1.149592
5.241077
1.6772762
3.7730097
3.873057
2.5905317
2.2671679
2.8698248
5.0960891
2.5248818
1.6760075
1.3846881
4.3886281
5.1146621
3.2236596
4.0479078
4.1290274
4.5375589
2.4597715
4.8855584
2.2793761
3.8662714
2.947048
2.0625148
2.1256118
3.7097377
3.4758011
3.5556117
4.133733
5.2131568
4.4984893
5.5163678
4.3319105
4.5802649
3.8502286
4.6798672
3.5453068
5.6443021
3.045575
5.3268481
4.4923845
4.9074606
3.331567
3.5479245
5.4990724
4.1395047
2.5739585
3.4994172
4.1051744
2.5368816
1.5688995
3.7185847
3.6509762
3.1143963
3.1360947
3.6329705
2.7582045
1.1363068
3.4254161
2.8841582
2.7589885
1.5298805
2.5101742
3.0716754
2.4088899
3.4947935
3.1205058
3.1939881
2.9344747
2.1571979
2.0188685
4.5094548
4.4789783
2.5265722
3.5266037
2.9375034
3.4465848
3.1947665
1.9229907
3.4426784
3.3008976
2.2585307
3.524444
2.4624138
3.0088859
4.1387447
4.1248996
3.7681531
2.5151646
4.6400645
3.8394701
0.20257969
3.8906834
1.1931328
3.2722777
3.7808032
3.1469595
4.2775969
5.0532229
3.7644635
4.5292125
3.914018
3.4322097
3.8797872
6.7194486
5.1137123
2.8583013
1.8253604
5.8560908
1.8158453
4.1834933
4.0592796
2.5289966
3.9309852
3.369462
3.1819609
3.9265665
3.5477518
3.0335846
2.3593216
3.0249145
3.0757268
3.3594334
4.5080303
4.5904874
3.6338706
5.9072979
6.2561588
5.4580816
4.3794857
3.6546202
3.7958878
4.7615378
5.6206513
4.8113434
4.7657639
5.3535267
3.4674251
5.2804877
2.5013828
3.4799801
1.7008798
2.2546112
0.73384772
0.75531688
4.3733557
5.3549343
5.7269589
2.4719574
3.638565
4.8851913
3.507504
4.7898846
1.1554883
4.043622
3.3091551
4.2729674
1.6752005
2.6597298
4.7282364
3.3167767
3.7543414
5.6612422
3.5387107
2.5668212
3.8441716
3.8571512
4.0203947
5.5448585
5.0039156
0.8808679
5.6672835
3.6137676
2.6267244
3.772224
2.1233968
2.7450998
2.5610314
3.6878849
3.8905966
3.4858785
4.2517125
5.0395726
4.5116042
4.1748172
7.3412105
4.9324609
3.0646098
3.5613535
4.909596
3.6637059
3.7579285
5.0270455
0.54149143
5.7735379
2.863432
2.2530266
4.5515506
2.6642774
3.5389429
5.3533364
3.8549799
5.3561426
6.477983
5.4091701
5.5336292
4.1772617
4.8116229
5.6497578
3.8746284
5.6051438
3.3319567
5.7989566
5.0552779
3.9832156
2.2168839
4.1530989
7.503756
4.5133622
4.508695
4.3045201
4.4665851
2.7416282
3.2909154
4.8549587
5.448208
4.178296
3.8754635
5.7906838
4.363398
3.4030841
2.8689001
2.5405276
8.498075
4.1802278
4.5720182
4.8006793
3.6166024
3.8032835
3.6354423
5.7308836
5.1890996
5.796268
4.7449946
1.2697552
7.9342214
2.6884544
4.0471588
6.0224244
5.5373718
4.5065718
3.3885702
4.087252
4.1028565
5.3223032
5.4101681
6.306604
4.1057522
1.7002601
3.5971101
6.23808
6.1085046
2.5223618
4.2404382
4.0053798
9.5131964
4.884011
3.5197132
4.8513131
3.4615758
3.5334231
4.0515405
4.6307287
3.4230611
7.4957582
2.851181
5.6369281
5.4046677
4.6993043
3.546258
3.1873587
2.8096245
4.1096649
5.2874219
2.6902199
3.8094513
2.605862
2.6597241
3.7928611
4.552907
1.8448593
5.2650667
4.7385146
3.5666698
3.9415288
4.3308266
5.3463819
3.4781562
3.3334918
3.314866
1.8948827
3.8214643
5.6501706
7.1427314
5.1075659
4.6703167
4.8167727
4.8022848
8.9301322
4.4625747
5.1197229
6.0900552
7.130196
3.5026375
4.2773553
5.6873624
8.0205639
3.7147435
5.2319908
3.84072
2.7651048
6.7996534
7.5133134
3.8993768
4.1532274
3.6180614
3.4295811
3.227323
9.6538488
3.5903261
5.5022641
4.3761478
3.2201448
3.8800541
3.5558243
3.4900737
4.5839892
5.8097565
4.4055597
5.1860734
5.1456078
7.2608312
4.9160058
4.617804
4.4882603
6.6434621
3.8149367
3.2480102
8.1318003
4.0034179
3.0018122
5.194724
5.5642512
3.4628772
3.6667765
2.7351425
3.6343542
3.9921911
3.8465396
4.9667106
5.1537699
3.7231162
3.431217
2.965545
4.543669
3.968901
4.2477056
6.1284649
4.4244736
3.5364728
2.5534677
5.1806485
3.1252616
3.576507
5.2944202
10.092901
4.0409087
2.3901134
6.4810152
4.3993267
4.1810888
3.7393914
3.5855137
5.0405284
4.568351
4.4391371
4.9391567
4.8956447
2.8350287
2.8360845
6.3139211
5.3142137
3.5218785
5.9068102
3.982062
5.0451174
3.0550185
4.7344388
5.2872666
4.775326
3.6402616
3.2907397
4.7737264
7.7518411
4.0574242
4.1013913
4.4295296
3.2813169
3.253819
4.3734267
8.8847705
4.0052958
5.1068232
3.2933205
3.9779561
3.1077579
3.3929174
4.1899262
4.3175427
3.4921658
7.2540184
3.9163143
8.4520413
5.1554063
9.2372055
4.6130249
3.1367097
4.832379
3.9980408
5.0424439
4.0578317
7.8879727
3.4927045
4.5497669
3.2168712
3.4942976
4.3653243
3.1533689
4.3613207
3.4606729
3.3688561
2.0800406
3.5950891
5.2432814
3.9137136
3.0393
5.200773
4.6922012
2.496713
7.2300201
3.1325472
3.9939115
3.9804477
5.1721961
4.8388521
3.7818091
2.1711375
3.0461222
2.6669207
6.2887895
3.5740737
6.0294208
4.6741584
3.0458219
3.8375972
3.9091794
3.4996363
6.4541166
3.9776734
6.12488
4.8419923
3.2802492
5.4027886
3.30595
3.8364284
4.4963572
3.4321555
4.3414856
4.1457098
5.3376998
5.0276834
3.0966709
6.4271335
3.9251124
4.8525297
3.0619733
5.2652865
4.14399
2.722349
4.4460368
6.1124698
3.5090273
3.491536
3.0531032
2.1802284
3.8646864
4.3516382
4.4679719
6.5773448
4.2381078
2.9632106
3.8666258
4.1514967
5.4463081
6.5621688
1.5327054
4.7491527
4.5807501
5.2277194
5.4871966
3.9202558
6.4578607
3.4748431
3.2065014
5.2937423
4.211792
6.2403122
4.0636485
8.2395073
4.5994227
3.7978617
4.4791987
3.4409327
3.8176561
4.4341271
4.7610518
4.6420971
4.1190847
2.9516664
5.0865067
6.2035073
4.6675488
3.4962596
5.0018542
5.0868397
3.1672089
4.7781944
9.0505546
2.5784927
4.404547
4.7223996
3.0123152
3.4403069
2.9278143
7.3312001
4.5830621
3.9638117
3.0180033
3.8809118
2.5909005
3.7670337
3.9732492
5.0426713
5.4778741
5.5266417
2.9318719
4.189717
4.3809903
3.1201415
2.1058106
4.765942
3.3249167
7.0240937
4.1532979
4.1688686
4.0760358
3.3592712
2.7775355
3.5196621
3.1115343
2.6819856
4.2272311
2.4972367
3.6636844
4.1249851
4.9839579
5.0206519
3.4385753
7.2166295
4.1022253
5.1746665
3.9747979
4.0862215
4.1602403
3.1492529
4.8702962
4.2436848
4.1529023
5.9447683
5.3164661
7.6672085
2.9411645
6.1521168
3.5565886
6.4809024
4.4294826
4.7538719
3.7591392
3.8154803
2.500012
5.250285
6.8471323
5.1690512
2.9158893
3.4312063
4.5259291
4.5393163
3.628991
5.1874205
5.2206464
3.145119
4.5909542
10.968429
3.0527574
4.359348
4.0570927
4.8995569
3.9879218
4.1847008
4.1487775
3.5815241
2.6007109
8.9132176
4.4394557
4.0042554
2.4088519
2.1063685
1.8382333
4.5138503
1.6012208
3.5842079
4.8097465
3.7896313
3.781713
6.2981471
5.5445305
10.680871
4.7966451
4.3377777
4.5196251
3.559107
2.1011703
5.4023488
3.6926644
4.9018433
6.7884416
4.0249709
4.58545
3.6768877
7.6421798
5.6726486
3.3172569
4.9697389
4.666974
4.7353336
3.7474638
7.6531215
1.8027128
8.5363771
4.9296132
2.5985723
2.8562454
3.6697215
5.2521271
3.8025411
2.9450386
4.8558555
5.1365761
3.3807021
7.4185837
4.8915229
4.308284
4.5009204
4.4376829
2.7361249
5.679793
5.4407619
4.7076148
4.4271228
4.6471191
8.7508333
9.9780582
3.5382186
4.5296682
9.8949594
4.5685034
2.8654649
4.9494724
4.7897731
4.4862562
7.101236
4.4181488
4.041643
2.3495981
5.477075
5.2427639
3.5187404
3.7902017
3.4618642
4.563625
3.8880083
4.4437187
3.7389673
3.4196486
4.7785769
4.6921276
4.8804175
4.3668813
4.2770074
5.1982967
4.7928771
6.1666342
3.8277144
4.7345806
5.2600382
3.4076423
2.7853011
4.9168993
3.3957837
3.8364437
5.0883723
4.5495138
3.439087
4.1503159
3.6618192
4.1979916
3.8440651
4.4233454
3.8915973
4.5922749
3.3419715
3.7435321
5.0272914
3.3668825
3.131501
4.3377649
2.6130532
5.8914322
3.1136639
5.9634517
4.8022874
3.0307551
5.2087938
4.1918707
2.753877
3.7291378
4.5539631
3.0205851
3.7094071
2.9281128
3.3048213
3.2893679
3.1904341
4.8334863
2.8661747
5.3346379
6.5493236
3.6240183
4.4854807
4.9805302
2.8998592
4.2261836
3.3971755
2.9671442
4.4594351
4.6083951
2.3216601
4.2715585
3.9940446
4.0579733
3.1731826
4.0451829
7.7487796
4.9345977
3.5285059
2.2463708
4.5138797
4.6501473
2.8370061
3.3879663
3.4542432
3.5495622
3.4848535
7.3752331
5.1935848
3.2913697
2.4637494
3.9003646
4.907241
3.0404389
3.8095932
1.9171896
3.7228904
5.2398636
6.1994766
8.9749133
6.9362271
5.633135
3.8140516
5.9268234
3.8279898
6.1323796
5.1926469
5.7152473
5.4616873
2.6886432
6.611358
5.5304724
4.3427725
5.1671861
4.2112434
4.2517164
5.6570155
2.7644497
3.7353188
4.0528955
3.4492929
3.9241323
5.8993306
4.6057441
3.9468004
2.2527955
3.6611675
4.5661407
5.1664157
3.3398969
3.563188
3.7671328
3.3723803
4.1897532
7.6896469
3.9960253
3.1642402
4.2453407
4.3859371
3.7054695
4.9434204
4.7325611
4.6786705
4.464624
4.7785847
2.6247191
3.3750318
6.9194141
3.7601299
3.264854
3.3039468
2.3417595
1.4887743
2.7019306
3.2802299
3.2299514
3.6179356
3.9710603
2.4254657
7.7921434
4.5942679
3.2156829
3.5002279
5.0126005
6.116702
6.8827194
5.1089333
5.423959
3.9306982
3.6504973
4.1472819
3.983682
8.2134358
3.6635752
3.224155
3.5816562
5.2098091
4.1857776
4.6416708
4.1934551
3.6358346
5.079314
3.6603384
4.0943719
3.23068
3.8666552
3.2317478
3.9449084
5.1495769
4.450122
4.2154798
3.923852
4.5556208
4.3320857
4.0434549
3.3150076
4.5727401
4.754989
3.0069624
4.7250786
3.846184
5.0739253
5.1946614
4.5414411
2.9010642
3.8734669
3.5821319
3.9127066
3.1448702
5.3014775
3.0186211
2.314737
3.062975
6.9517696
2.7771397
2.4616587
2.5632976
3.7212017
4.7852843
7.8830299
4.8320079
8.8725839
3.676484
3.8067638
2.9522139
3.9183457
2.5126786
2.4299511
3.7939415
4.2301789
3.5450287
2.046762
3.6566641
3.5849628
3.5020419
2.7813857
3.7578659
3.157813
4.8807477
5.725361
5.6501804
4.0652077
4.9734717
2.6459178
4.2472532
5.3233692
4.9193411
5.4600827
4.6969841
4.629315
3.9330002
0.74646557
3.0851307
3.4397223
4.8392477
5.1337483
3.2239269
3.8103086
2.7498909
4.4088178
4.431243
3.1190532
3.1553127
4.0888498
4.5160875
3.8649952
2.33377
3.9847881
4.2977378
4.2815296
4.5815753
5.4384827
8.0957827
7.3147607
5.0377561
4.5759456
5.5050891
3.5323806
4.7813148
4.4187787
5.2551833
4.3250178
4.7315108
1.9327312
2.5406986
2.7601239
3.3717225
3.8494171
2.199729
1.3161923
2.004878
0.6402472
1.5240034
2.7467564
3.6327442
6.1338399
5.4589972
4.3073271
2.8010736
3.483248
4.4138373
4.9911813
5.0413524
3.3693947
3.6160014
3.213201
3.8693568
3.202091
3.791842
3.4267202
4.1653955
2.5122091
5.0630984
3.1632202
4.7570331
3.8900127
4.6123742
5.0391688
6.0063924
4.8535561
3.6556256
5.3057328
4.7561699
9.8458019
3.5264985
4.3566788
4.7862255
10.431661
4.777368
4.848138
5.6991009
3.9688203
7.2879969
5.7836744
5.3190101
4.7038632
5.6417196
5.5835492
5.4177011
5.0079468
4.6585081
5.0109154
2.8322069
4.7477536
4.7516343
4.6529686
4.0320287
3.5978821
4.6796712
4.5640045
2.8931567
4.284867
4.3788071
10.116189
4.4234723
5.5872892
4.7360864
3.3642273
4.1593078
4.8955797
4.8131892
6.1133825
4.5266948
5.3846887
0.84062629
4.2477974
2.2192176
3.4241572
5.5238846
3.8276328
3.9193675
5.6588909
4.0928507
2.8575724
4.8806104
2.9158093
3.0010396
4.6707037
4.9566531
4.0274727
4.6465662
3.5822672
2.3419281
3.6472009
4.2318141
4.0782878
2.3557819
3.9473115
4.2846796
3.5722975
3.0701384
3.2556999
2.4922652
3.7481046
3.2662025
2.6256537
3.3664678
3.3501211
2.6523543
2.9047307
3.2598848
3.076389
3.1119752
4.0006401
3.4531178
5.299581
4.4946484
3.0325576
6.6566186
2.2335694
3.4215371
3.2781625
4.5278903
4.4621892
5.186166
3.6691397
1.533873
3.4224835
3.7202033
2.7967494
3.1879322
4.0026767
3.560223
4.4283266
1.7162787
3.5093495
3.4856392
1.0779201
3.2512741
3.5240101
3.4289162
4.1046272
6.1352268
4.6628359
5.6348648
4.0031425
3.9518276
3.7748008
5.1579237
4.4586112
4.5087313
5.4358402
4.0521279
3.0360393
4.3172883
3.0379092
2.830065
1.7746511
3.0315891
1.5943235
1.9230947
4.3060421
3.9074301
3.2146064
4.9315567
5.215567
3.1872018
4.4010135
4.1369838
4.5839446
4.4771121
1.059838
3.8281408
7.9946637
8.0473191
3.978987
4.5129732
9.3794882
3.801002
5.0446384
5.1921112
4.5045514
4.2756699
4.0072729
4.3325715
1.4576199
3.5356599
5.5840083
2.7098741
3.5841478
3.202588
2.9734007
2.4561119
5.1021927
4.7619049
2.4100276
4.3383859
4.8973871
3.6070074
4.6022388
3.6857844
3.6168092
3.7984986
4.5333801
3.669632
4.7033322
2.3368304
2.9810874
3.2027576
2.9281652
1.5233878
2.2400216
3.6285754
3.7511862
5.0734032
3.595982
8.2052763
5.5272538
5.3823719
4.2916288
5.2334995
9.6466546
4.6461064
4.9715317
5.0351278
2.4030662
5.0309197
7.6066231
5.379358
4.9043307
5.3702926
4.7309785
7.3417579
9.7752909
5.4977158
4.8308034
7.5034007
4.8087562
6.909411
3.7178007
4.3382168
5.5704737
7.1578376
7.2851737
5.1061596
5.8255348
7.8953441
4.3963528
7.5715202
6.7413833
5.2360558
6.4360655
6.6773869
8.220453
5.8549967
5.8139136
6.1970159
6.2993638
6.0476425
8.1990411
9.2865933
4.7554733
6.7094951
3.2262494
7.1343812
6.868253
7.2796892
4.6937723
8.0841231
6.4954651
7.3326907
5.1426087
5.6534322
5.901305
6.9133714
5.7244365
6.1342562
6.351159
5.627729
6.4248869
8.0266117
7.099835
5.9699796
5.8431259
4.7844652
4.7155943
5.7060698
6.4617275
6.4313676
4.7954406
9.6590612
6.2504401
6.5997077
6.5621906
6.0578463
5.2855101
5.7160993
5.9193289
6.2964521
7.5445172
6.2491383
5.9180437
5.5206791
6.7426736
4.9952431
6.2893091
9.5526697
5.5179456
9.3333082
6.7229475
8.8398858
5.3907195
6.3893715
5.8287221
6.6912819
8.2057023
7.2108792
7.639326
5.2792036
4.2872574
7.478231
8.0460257
7.1731493
5.1650942
9.7739206
5.6551792
7.9335077
5.3758972
6.5853178
3.415452
5.7763726
6.8419284
7.112673
8.4586943
5.802342
6.4708532
9.5775301
7.572059
5.5287281
6.8988181
8.0656409
4.5186373
7.4581674
4.8490349
3.2275584
8.4276508
5.9347252
5.419222
7.9686661
6.0719003
6.7245881
5.427616
7.0527712
4.8374445
5.4124518
6.3846259
4.6715612
6.8664207
6.5123457
7.0968569
7.5876009
5.2145951
5.1901462
5.7331216
6.0368412
5.1271186
4.3133056
8.4102298
8.3053747
6.32327
6.4957519
8.5891303
5.0885092
7.1744244
6.2328305
6.5743079
4.3685994
5.8565495
9.8019994
5.1558907
4.7267424
4.7081239
6.386975
6.5751305
4.7476592
4.8895291
5.8205086
9.0210742
5.5330868
6.7409056
5.2756699
3.6735603
5.2275432
5.0606752
6.1068259
7.3866204
3.3530105
6.6475559
7.4824376
8.1663329
7.2391439
6.2038521
5.3872011
6.6655664
5.4108236
6.0052595
7.5265079
7.2258552
5.7467264
8.5127472
5.2709763
6.2915951
5.0911692
5.9756762
6.5060267
6.9678662
6.9440926
6.0771931
5.0718038
4.615181
5.5224073
5.1314274
5.3576576
4.1766874
6.0212527
5.041033
8.4048975
6.3630603
5.0869716
6.432753
7.1054579
5.7645401
5.3649635
6.0576606
7.0726795
4.2123156
6.3988372
5.0590553
5.8640569
4.8041621
5.2598933
5.0933586
7.3497372
4.1702854
6.1076925
6.2792332
5.3135196
7.0341793
7.5584563
9.2955778
7.1537873
5.3442232
6.0156026
8.2577524
5.0424366
6.528135
4.5399771
9.9784627
3.5086926
7.3830414
5.7675305
5.7950611
7.3145181
4.5844051
5.3002159
6.2611966
5.7459102
7.2746307
5.3379619
7.8638395
7.3431547
5.3462749
5.2837987
3.6898805
6.8527779
7.6402282
6.0106534
8.2749892
4.7340096
6.4762747
6.051488
4.5911169
5.3843662
11.444778
5.3385182
6.2207592
5.7930392
5.2471827
8.1426652
5.4354913
5.0797484
7.685762
4.5915927
3.8173644
7.7661946
8.2535642
10.001192
6.4341464
3.9084188
7.1518028
4.8103145
5.1010978
6.0681646
6.2248512
6.514705
5.0152965
7.0469022
7.9217523
6.8491814
6.0516476
6.6581498
5.6680472
9.4336067
5.7114907
7.428754
7.5001468
7.4186785
5.2419361
7.8397099
5.9868916
3.7584756
5.9376925
5.7317586
8.6751047
5.8703067
6.27791
7.4221578
5.3127779
5.7328091
7.9315888
5.2332054
5.6630172
6.6453916
7.2234623
3.6334846
8.6417322
4.5615735
6.830155
5.7430263
6.8346791
8.9791082
5.8424763
3.9938702
7.1176625
6.4947974
4.4598875
6.8012751
7.1605787
8.5902767
6.0420589
2.7539038
7.0406111
6.5865758
3.1195559
7.4383808
5.8553254
8.937705
5.7216283
4.7826835
7.0321454
6.8655296
5.3958463
5.6128436
5.1633541
5.533262
4.4375268
5.4202667
8.1897457
5.0825206
6.4227368
7.2347808
7.8263107
5.2488013
6.3077939
7.1447432
8.0324882
5.0150254
4.2544509
5.2806744
4.9906508
5.5836886
4.8213232
6.4536606
7.2729495
4.1654869
6.2460469
6.5142673
8.2135534
8.2232521
8.1611264
9.2581585
6.8550289
5.1181953
5.0982848
6.6805335
5.1508411
5.5842639
4.0304081
8.2822748
5.7427757
5.0511353
4.7744542
7.4577684
5.3756308
4.989897
5.4824947
6.5886379
6.4625461
6.3006035
5.7897723
4.5073612
5.6482888
6.7532472
8.5585557
5.3232451
7.4324388
5.7794794
7.0897675
5.3153192
7.1469431
3.6549042
6.8780267
8.7439272
5.9865799
7.0066229
7.5903337
3.1465142
8.0733558
4.260731
6.1588153
5.9657136
5.8325803
5.2870129
4.9521388
4.1422818
5.9647645
3.6198254
5.8357928
7.7765712
6.0865566
6.1600326
8.5252806
6.2578257
6.7040023
6.7940307
5.457443
7.0078588
7.2804201
7.6921041
6.7741696
6.1447673
6.1357614
7.7324649
6.7964403
5.4525448
8.0079519
6.5448483
7.338439
6.1543326
6.9950456
4.9545884
6.2362996
7.2907053
9.3948923
5.0524266
3.6640009
5.011165
6.8487989
6.1988997
6.4204601
8.0371937
7.4244879
7.5718167
8.2695905
7.2525625
7.9975711
5.0063747
6.3701034
5.1921815
6.670942
4.5577903
6.3925889
6.3329547
6.3777607
5.3490493
4.7241122
7.2554121
8.2822549
5.674759
7.0404466
8.0090049
3.8233116
7.3379067
6.4760152
6.5576543
7.4310473
5.53004
5.9167733
8.8722514
5.241309
6.3295429
6.1528765
4.3996591
3.7535021
6.1513529
7.4759625
5.942022
6.1077571
6.6537496
4.5716143
7.5257795
7.5272064
8.6624664
8.3754678
7.7815313
4.6406288
4.698365
6.7056311
6.6522207
8.2426755
5.3848854
6.8211977
4.3706847
8.124484
5.0861484
4.5327658
5.187375
5.3400818
7.6339815
7.1539825
7.9780848
6.4805355
6.1134204
5.8876115
5.6388148
6.8160204
7.7064667
9.2545621
6.2144829
6.6855389
8.1165897
8.0369637
5.9922875
5.9246893
6.6920603
8.5819355
8.4520438
6.3472453
3.7535761
4.7408617
6.5305982
4.5233524
5.8757432
8.0755039
5.1858181
6.2178035
6.9995882
4.9180297
5.1349656
6.7137669
7.1190467
7.0730162
5.8366393
6.4561162
5.1473171
5.6206055
6.1161195
5.5592832
5.6186472
4.2523131
5.5829662
4.9101638
5.3927402
6.4801591
4.7544164
7.5523274
5.737012
6.0013469
5.97681
5.0199368
5.5573112
5.7815041
5.8008965
5.7286509
6.2511789
5.1486962
4.3672199
4.4238174
5.3305594
4.546681
6.1229175
3.6205611
4.2660637
4.2648827
4.8071095
2.5426403
5.1434224
5.4160334
3.4322935
4.3601033
3.5405465
4.885149
6.7736152
6.8555845
3.6532556
7.7946113
5.0886657
5.5543845
4.9814071
3.118234
4.4706837
4.8986283
5.4274419
4.9502274
5.1500918
4.3761027
5.3937008
3.440627
10.755357
7.1027121
8.4837216
7.2073859
9.3485043
8.4255359
9.3336189
7.3829525
8.800003
6.661513
6.1555401
8.2126656
5.4654506
4.832347
5.4561596
4.6392881
4.7005583
5.4467373
5.0220772
4.0374087
5.3740945
4.9055797
4.7209282
5.1011427
6.8422758
5.294825
7.5607557
5.6232939
5.5870034
5.8526045
6.9044113
5.9702172
7.6292878
5.2125662
5.35162
6.3779706
6.2749696
5.4663511
5.9007696
4.7238157
5.595145
4.7647687
5.845507
4.9712838
6.1700174
5.0809376
4.7291651
7.2269899
5.0178937
5.548253
5.9102745
5.529167
5.7803946
5.4994576
6.234678
4.1623147
5.7585453
4.2350622
7.0021931
6.178234
6.2330377
4.1149048
4.9089484
7.0134694
5.9617043
5.5514583
6.0733942
5.851573
5.8053307
5.6047889
4.9469769
6.840848
6.3370866
7.9237566
4.7585857
7.3132254
7.5347964
8.2419152
6.2248693
8.7408211
6.6155481
5.2176062
6.6432961
7.1081059
9.3158137
6.7055371
4.0194882
4.9089416
5.8631396
4.6382424
6.0437581
6.3126483
5.2816415
5.3438003
7.3263894
5.483335
4.7836093
5.7233286
5.1880857
8.7539803
9.6910774
7.0952814
7.0331286
7.9383329
7.0450141
6.4727235
6.4132244
7.1638743
6.4213135
6.939876
5.915671
9.3262326
6.786772
8.46381
8.7936458
6.7182528
7.4202254
7.6969666
7.5923201
10.161583
6.1082066
7.694297
6.4422828
8.7565793
6.2633374
6.2829855
4.9266174
4.3176176
6.5045141
5.2790637
5.7794428
6.1485907
6.6729357
7.0679023
8.0413605
7.0577346
8.1872685
8.9448779
6.4455493
8.4816475
7.5933608
7.582713
7.0438308
7.7547111
6.4345856
4.9945922
6.5305116
7.6056099
6.5426317
5.8205446
7.1687549
6.9845726
6.8119762
7.9290738
8.3433745
7.2880735
5.8267817
3.804036
5.0932966
7.4808062
5.6522289
6.3443308
4.3879899
5.5017509
5.9478969
4.7601366
4.9559783
4.4073126
6.1557395
5.9187365
5.1082409
5.6473065
5.4453672
5.7667257
4.6627544
7.3525949
8.7615505
6.4862867
7.0289359
8.539262
8.5986991
4.3214656
6.8354816
8.0199418
4.3723072
4.9082385
5.2425439
4.4672112
4.8028988
5.4115296
5.3753702
5.1873973
4.9451825
4.6144612
7.1078795
6.9461139
5.2658686
5.6264566
5.6958326
7.0800272
6.5706045
6.2152951
5.6804128
5.5968874
4.7044417
5.0279819
5.7118218
5.3127415
5.8590267
8.0096579
7.4492515
7.9038781
5.6384661
7.3783252
6.5613576
7.0667567
5.8146227
5.5409993
5.4059678
6.3946792
5.9063429
8.6014064
5.5348152
5.5241052
6.270485
4.647899
5.6901845
6.1597783
6.3030819
7.5860716
6.9851634
5.5055681
6.0366867
5.7636638
5.4757247
5.7323135
7.2794309
5.7197654
6.6607951
6.3256302
8.6394391
3.9027838
4.8643853
5.3739297
5.55027
6.5258399
6.1073917
6.2858115
6.7945876
5.31902
9.2878578
8.9274073
5.1568491
5.7932967
4.4205187
6.5509694
6.3011785
4.9762953
6.3873529
6.4781278
8.7598619
4.9273962
5.5108427
5.2681976
3.7117679
5.6249636
6.1888932
5.77741
6.1930235
6.4759778
4.4465125
7.7976794
8.587152
4.8453543
5.6919779
6.9223548
5.6513002
5.0144438
5.437729
4.9614751
6.1486766
8.5767591
5.6024578
5.3784671
5.9601649
6.5907282
6.4735828
6.5110047
7.511637
6.082109
6.951418
6.3656045
6.6844027
8.9830809
6.8924384
6.3211451
6.5367803
6.0566971
7.0792675
7.4049155
8.5555884
7.5921257
5.7686237
4.8998265
4.3476028
5.7684567
5.3271511
4.1114574
6.1526477
4.611745
3.5176506
4.5454581
5.7837107
7.0564681
5.0193478
6.9362391
8.7756958
7.2112715
8.8062622
5.4557217
4.5538753
4.741506
5.1128647
5.4914892
6.5565221
6.3165455
5.5904037
5.4236802
5.495681
4.8881396
5.0850641
6.7651187
7.6725875
5.7193636
5.5619042
5.4532556
4.0893523
7.0827058
7.0902244
6.3222209
6.4760005
7.6376459
7.0013117
9.0080152
9.1781817
5.7842178
7.102612
7.2415257
6.8407637
5.1605825
7.581638
5.8604351
4.68589
5.5736592
4.3050398
4.9092177
6.1734135
5.079914
7.8110371
6.2208453
5.8879885
6.0064313
6.6573514
6.8862942
4.3576417
6.6007703
5.6886704
6.319315
6.212692
7.2175076
6.1406672
5.6846385
6.7224197
6.8437786
5.8201696
5.2890087
6.1737566
5.784695
5.9021524
4.9029925
5.5423798
4.4476838
5.8278402
5.1666785
7.6728837
6.0367992
5.8105977
4.831486
7.5406934
9.4701208
4.0398793
4.841352
6.0397591
5.7198213
3.8411832
4.7453107
3.9637727
10.550079
5.8015363
5.1135306
5.3153941
6.4607219
5.3734349
5.4214754
6.7000752
6.5361801
6.1712525
3.9109626
6.5498794
4.9951323
6.0495903
5.4726234
5.7038291
4.7192792
6.4782681
5.8468702
3.2729232
6.556204
5.9145537
7.1525987
4.605108
5.152328
2.9604543
5.5052835
5.9313499
2.6186395
6.988564
4.4186577
5.8119068
6.3056984
6.4537752
5.301711
7.1673004
9.0453407
6.5266801
8.8434431
5.73085
6.6907044
4.5829229
5.2663102
2.7412092
6.5325779
4.6280058
6.7578191
8.9058681
7.0306258
7.4104396
5.1265285
8.0238456
7.5995773
6.1008116
5.7599138
10.744934
7.0931786
4.9202466
6.6337914
6.8391023
5.637468
5.5415513
6.6698526
5.7780873
9.4559172
6.3642232
6.5898909
7.2696627
6.6399579
3.5076098
3.9753015
6.4007538
11.01905
4.9976538
5.8604027
6.356319
6.697106
7.0458497
4.9209982
5.7867881
5.9826694
9.4275388
6.5974075
6.0424151
7.5996183
6.2347941
6.4548121
3.1130268
4.8406366
6.1381738
6.2915961
6.4362298
7.4732395
6.4770838
4.5109804
5.9590726
6.4513322
5.0854033
8.1752747
7.0378531
8.0653939
5.8916305
4.5427227
6.9370571
5.1735788
6.3355212
4.0088933
5.1122819
5.007751
5.7890342
6.5700434
6.2367069
6.2935895
5.7061887
5.6486699
6.9873959
7.2131123
6.1703182
3.7445102
5.1884409
6.1163177
4.1454468
6.4199942
5.1594139
3.7861288
7.0143312
5.8047996
9.1378566
3.6963937
9.5058036
7.2149105
5.3456311
3.561473
6.5332808
7.6586136
12.844728
7.087905
5.2952658
5.7499551
5.9516966
3.3327049
6.0314148
5.0003935
10.433506
8.0832512
3.9435532
7.3513676
4.1383181
7.591541
5.5733949
4.5348705
9.1251083
5.0385338
7.4718619
5.4945809
5.3728576
5.5232577
5.325922
5.3497847
6.3558829
5.816287
6.0155261
4.9183411
5.1888835
5.844926
6.2511445
6.1719507
5.5317242
4.6059118
6.0596407
4.5170998
7.9792574
7.7057962
6.2483097
6.4950357
6.7185131
6.415677
4.0640538
4.6766297
3.5199083
5.7560156
5.3861223
6.0948724
5.1026992
5.9679611
7.5047046
4.8163709
6.3198336
6.0040335
4.3095641
5.3481461
5.3620389
4.6129233
3.6585375
5.0913885
4.9207197
7.5502986
5.2561996
4.4523621
5.6553715
5.5633696
6.20704
6.6877096
5.2382343
6.956872
5.2996239
6.7900392
6.2375067
4.323889
10.433934
5.5139529
7.1500396
5.7334114
5.7101894
5.9297705
5.4827639
5.8089333
5.3515332
6.1584647
6.7936897
7.6728069
6.3781499
6.0093799
6.5539798
4.6563504
6.25162
5.4992736
10.6585
6.0050362
6.755693
5.5425571
5.1579468
5.9365818
4.376606
3.9717497
4.7985929
7.1902105
5.8654346
6.9655133
6.7913111
8.7058072
4.4840926
9.9924378
7.3082976
7.6978192
5.650161
10.15217
4.7230691
4.4122034
5.2447301
14.191758
9.5994647
6.2149543
4.7738189
4.5174803
6.4728171
5.6950771
5.3993813
4.4003778
4.733378
5.804342
5.4711789
7.4927073
6.3347492
5.372352
6.6395667
4.1115389
4.3473551
5.417766
7.5184497
7.4745506
4.5938115
4.1993524
4.4931695
5.4218457
5.7653154
5.5021795
4.737769
6.4251435
6.0428715
5.8224505
4.8314088
6.4769845
5.3625812
5.1657463
5.8291423
8.4051939
10.622097
6.270494
11.950515
4.8839019
5.6564339
8.6564887
4.2097554
7.4527418
5.0304267
5.6338514
5.2922602
6.6900189
11.22104
7.2885194
3.5874726
9.7906613
4.6073171
6.0477722
5.7546154
5.0917101
3.9954359
4.5293931
5.6334715
5.9414994
6.359908
6.3045354
3.2705967
5.8954978
6.0069382
5.0803462
6.3979938
6.1268893
5.9843477
6.1571159
5.5578386
5.5427798
6.3427735
6.3518831
6.8564399
7.2182087
11.458451
5.1636443
8.3970564
4.7658059
4.5484235
5.8256273
4.7690793
5.3923156
4.7028391
3.0795755
8.0468405
10.09544
5.8244915
7.1900371
7.5468401
4.7857731
6.1608799
3.6745821
5.8877478
5.6833802
4.7176662
7.1089741
5.6021533
5.8292212
5.0930845
9.3373274
3.418972
5.9371651
6.056222
4.4173847
5.4036959
5.2728977
4.1346417
7.6855243
6.7431751
4.8055435
6.6751088
5.5849983
6.3502962
3.9958578
5.655698
8.959934
3.8524194
6.1420507
3.5516984
7.2389326
4.6512537
10.342752
4.7671147
2.0598931
2.2697782
4.1348219
5.1563666
5.9633852
12.596269
10.648188
6.8574437
6.8654853
6.3952352
4.6017561
4.5962092
6.1583211
5.6449501
7.1440602
4.3646374
7.1521479
6.2990959
4.2991304
6.3211246
5.6961469
6.4282711
6.0962489
5.0763077
8.0860553
7.5078016
8.1164808
5.3385479
6.3800264
4.6130722
6.0179696
6.1534944
6.7177768
4.8193138
6.7206375
10.234593
7.2911667
4.6532591
5.2591387
7.3327229
5.1956578
4.6048114
6.8570143
5.1731574
4.9958172
5.5925379
9.1520026
6.9369893
5.1554863
6.2993865
7.0643952
7.9411555
3.58616
5.0430859
5.6416076
5.5442111
6.1107724
6.6662822
7.0558977
7.2937159
8.4866241
5.6667528
5.470527
4.5101521
5.3825001
4.1595352
5.1355617
6.1154013
5.890695
6.8182447
5.8508391
6.361398
6.583889
5.8909591
5.9184469
4.547682
5.9899415
4.4949626
4.7470028
3.6502854
3.6781072
5.4410585
5.3317214
4.626985
4.7876639
6.3780744
5.4451625
5.221598
5.4446855
7.2164876
7.4293189
5.3096426
3.7758448
5.9524771
7.4906074
5.8753611
6.3935517
6.0941431
7.0776435
6.3408358
6.9673955
6.9255629
5.3595055
6.9392388
6.4202524
5.577719
5.0336507
4.0286379
4.8891447
4.7373288
4.5973156
6.3095322
6.5491379
5.6148848
6.1282543
5.8558199
4.9056673
5.7296372
5.4428364
6.6968043
4.669773
4.7472914
5.3542494
4.9477253
4.9546134
6.9629471
6.9497399
7.2076681
4.2038215
6.386469
4.5205184
8.8219972
5.5515505
7.0656742
4.4487649
7.2308301
4.6212154
6.0403856
6.9699963
8.5612062
4.5988641
6.186533
5.3514635
6.2938826
4.3566019
5.7385387
4.5233727
4.5362303
4.5619715
4.0676538
2.6459374
4.8027626
3.7536296
5.2536647
3.8816379
3.6623832
5.6713081
6.5871947
6.6651515
6.1219418
6.73067
6.7978594
6.2398359
7.323505
6.1380951
5.4141085
6.010592
6.0084341
13.614713
7.3660331
6.1654567
7.4157547
5.5669342
6.1481636
6.2624108
5.4184462
6.8667128
6.1660531
5.6561628
6.9424695
7.7772896
6.6248867
5.776427
6.1007318
5.7656512
6.9107452
6.672154
6.1394722
6.0772484
6.3912983
5.6691227
6.4989522
5.2381741
5.685645
5.2946579
5.2249158
4.4631037
4.7354191
5.6276974
5.7024735
6.6143889
4.6067633
5.0802303
6.1596236
5.2579464
4.5953331
6.7442442
5.3757323
5.8511394
4.3259617
4.6742964
4.2852074
5.4083877
3.278325
5.1915145
6.9802511
5.243749
4.2904033
3.3372015
5.2891881
3.7735256
4.5835009
6.5914166
5.456332
4.5933162
5.0140283
6.2285143
3.8094954
6.0808298
6.6340166
5.8556731
6.6513092
5.2628598
5.9465623
5.1130326
6.359015
5.6255008
6.1139958
6.2340666
7.7215067
6.8567153
11.182568
5.9102588
4.9953965
5.2781661
3.3545468
5.0183948
6.1827633
4.0907355
4.6937748
4.116271
5.3676515
4.1417525
5.8831978
4.5793652
5.8512989
5.2044892
4.4918145
8.5052902
4.1260186
6.6102119
4.4145388
5.061637
4.3794893
4.7259983
2.7807349
6.223623
5.520183
4.9558816
7.0465796
4.6535773
5.1182679
3.5362784
5.2421904
6.9445148
6.1750659
5.6007274
6.4620681
4.7026401
5.2298865
5.5877562
5.7886053
5.7892221
3.978486
5.7331948
4.7279119
6.7071329
4.7838118
5.5867471
6.0232761
6.9049562
4.9018366
4.6999101
3.3244827
5.4197873
4.5314251
5.1365214
5.3278547
5.341963
5.2119482
4.2425311
5.1716813
5.4493419
5.5038384
5.5787162
5.2105408
5.8264591
5.8160218
6.5743504
6.2878701
5.9003263
7.016733
5.9939723
5.7675876
5.2444263
5.2615072
5.8994102
4.5908243
4.5769446
4.621625
5.5243186
6.131773
5.2735448
5.4707981
6.5219789
6.3134026
6.0725687
5.4114412
5.2040275
4.717062
5.1995547
4.9886532
6.7447019
2.5737012
4.8357222
6.3410651
5.9508327
5.1656268
5.0079961
4.2674042
4.8694177
4.6135775
6.7442796
5.5752108
5.2010371
5.9242808
6.4296214
8.6591326
5.2758632
3.5821142
5.0874105
7.5818819
4.6494568
5.0270175
5.3168642
6.0778558
5.5931716
5.3498049
6.1627012
6.177704
5.3198692
4.6233908
5.1424487
4.9052257
5.0306232
5.1476229
3.711096
5.2540462
6.2656255
5.5033939
4.3890754
4.9444143
5.477103
7.9307176
4.474846
5.8897996
6.3588632
7.1941988
5.6210539
4.9836334
5.4749571
4.7201513
4.1215925
5.1449891
3.3261565
4.9087684
5.1517277
6.9603133
5.1174013
5.5399999
4.6136374
5.616673
4.4712537
4.8944002
4.2095137
4.8602752
5.103395
4.3978982
5.5267292
6.2547656
6.7909188
5.3289565
5.185841
5.8403449
4.8341075
5.6545505
3.9186252
5.1923891
5.0549074
6.5625427
4.2862339
6.0779128
6.7117272
5.8360748
5.3012791
5.9831023
6.7408353
6.1087392
5.0089866
4.5018887
3.8364177
6.5081641
4.1808719
5.4054927
4.6794266
5.2492422
5.8190051
5.096427
4.3426863
5.960969
6.3117034
4.6484336
6.5587547
5.8393472
4.2302529
6.0803492
6.4299649
5.648953
4.7293096
5.7195879
6.3703834
4.6593987
4.8158191
10.799551
8.9317533
6.608405
5.4076476
7.1485418
8.1071664
9.4606607
6.9785042
9.2155371
10.643968
8.1786761
8.1809506
4.2536538
5.013479
5.2719301
6.3476377
5.381971
4.9647479
4.5266692
5.0105108
3.1507336
4.0690151
3.9626534
4.6266555
6.6272831
6.3287727
6.8437852
6.9851958
5.7418342
6.6284556
7.1325844
7.4979766
11.072387
7.0879558
3.9534459
4.3914459
4.5971965
4.5804289
2.6590261
3.5875927
5.1484437
4.2488553
4.9272138
4.5024652
2.3527289
5.4012705
3.6685327
3.2681693
4.5962729
3.3797419
3.8189977
3.8653692
1.8684949
4.7108787
2.3879831
5.9679076
2.6353707
5.4386171
3.0870996
3.75814
5.7593277
4.9123107
3.1383577
3.8577634
6.7739377
6.2923922
3.0438234
6.9770199
3.5715799
6.0551251
3.4607189
1.8138192
6.0166464
7.4171629
7.0367408
4.055225
5.4077595
6.3838765
7.1540704
6.2723449
6.1485223
6.0028539
6.6748817
5.0849044
6.3124328
7.6722657
4.0210718
5.8751171
2.9936128
7.3424892
8.1147549
6.092881
5.9043608
5.079214
7.4538442
2.6787322
6.1541275
6.6107749
5.657861
6.7060555
8.0138103
0.32998852
7.6820373
6.2853492
9.586954
6.3261969
4.7663301
6.8253156
6.6906053
5.8027499
2.5010407
6.3498084
6.8721458
5.4467189
5.3549585
7.2517287
7.908211
7.8502817
6.0974857
4.5691251
7.1172349
7.8547624
4.9248793
8.0537073
5.784063
6.4478488
6.571123
6.2728203
6.1921456
5.2024466
1.8511518
7.646846
7.9408524
5.9342399
8.6636359
2.9052299
5.6806233
5.4510078
7.416712
5.2196489
6.1433918
6.7960754
5.7861287
7.2824299
5.3440116
5.7054206
6.8938014
6.169428
4.8611056
3.260911
4.664661
7.0195187
4.1260193
3.7781169
4.6285367
5.9202625
6.2879549
4.992786
6.6272118
5.1050354
6.8313964
6.1792147
8.1244148
7.2631084
5.2051281
5.7827453
5.6982127
4.4121017
7.9023926
5.5964974
6.9474862
5.2578809
5.967034
7.2802548
6.7726604
6.4103159
6.8410035
6.6918383
4.5056144
3.9761229
7.7288672
6.7461681
6.2026234
6.361596
6.541758
4.6217703
8.2120254
5.4761611
5.4138231
3.4387559
3.8565358
8.5341348
3.9659062
8.3963546
6.6683255
5.0529904
5.576161
4.0535317
6.6687274
3.2709873
7.4543488
6.078075
6.656865
5.0830759
6.4868899
8.4783906
3.3613167
5.0385903
6.4966688
6.5585062
6.7513889
7.5810096
7.9185074
5.1568691
5.962488
3.385752
6.4900586
5.7513668
7.3487139
3.6436705
5.5640579
5.1178158
6.6772732
7.6827759
7.3413355
6.3291874
4.4772964
7.1965055
6.1740946
7.8188431
6.6201918
7.3902108
4.919753
7.7292747
7.2657035
7.6653616
2.5021834
7.6304314
7.0045413
5.3399387
5.6100479
4.2006378
6.3136139
5.674174
6.7695893
5.212035
7.7887457
7.4609395
5.1091311
4.3292883
3.396565
6.476049
6.9005033
7.3738718
5.7890784
6.176033
3.6067678
4.8698754
2.3999536
4.8581204
5.4407092
7.5509134
6.4097242
7.5646667
7.700321
6.8126559
7.9546129
5.8325279
5.5601033
6.1342901
6.6134538
5.5686971
8.0577052
6.3152814
6.2950657
5.8189174
6.3313522
7.6976029
8.765517
6.1150364
3.7905847
6.2142916
4.7997605
6.0813493
8.9393579
5.7042953
6.2720049
7.6132082
7.1527378
5.6662002
6.6109192
6.3093511
5.2124336
1.9896448
3.1182852
7.484561
6.630691
4.7328723
8.0880253
7.1528714
7.9179995
5.740612
4.3064556
6.6889711
8.7866176
4.3235082
3.45139
9.232163
5.6484252
3.1684374
6.3932647
6.3552809
5.1704032
6.0346635
3.8874781
3.5052512
6.3643273
6.0270147
3.415529
4.6110834
3.2030131
6.7838299
8.3187727
5.5513389
6.7861124
7.3733173
7.4327114
6.6574362
5.1250891
6.2068806
7.2237422
5.3009917
6.0162697
7.2500031
5.7357049
8.7272614
8.344903
7.4214536
6.8045063
5.7510693
3.2139251
5.2459546
4.5332667
5.7789352
7.0256979
7.0921095
7.3724898
7.7306099
5.8448133
6.848585
7.8647305
3.4730195
6.9000954
5.9453788
6.7326864
5.3173434
7.9061105
3.9222065
7.3034481
4.7501314
5.3005979
7.9806219
8.1720835
5.6072401
6.142188
7.1213316
5.5826304
6.5968739
1.4924894
5.3161903
6.1724648
5.1690037
6.7448342
5.3597483
6.984833
5.2354505
7.7155258
6.1510118
7.6651222
7.0765048
8.0695858
8.4769653
7.7911176
6.3243788
6.9396535
7.9244445
7.3038377
4.1354844
7.3914048
6.409448
7.8950946
7.4484319
5.1993342
7.2991417
6.1733749
6.4933567
5.7957122
4.9163859
5.3589324
5.983272
7.6470313
5.4465366
7.4780989
5.7410797
7.3225163
6.4896
2.7262086
6.966498
5.1590247
6.1748
4.2437457
7.88508
6.5765874
6.4810729
6.0549791
4.9794459
7.9445557
8.8687717
5.8177008
5.3874889
5.3182382
4.0778512
5.5483737
6.0591673
3.5114756
6.5634605
2.8368897
0.53477449
2.3620948
3.5164469
6.3292799
4.6051355
8.0069058
5.3410505
5.7591282
8.3981568
6.2179617
3.7401789
4.0900408
4.4283
5.5697737
6.8437857
7.1507863
5.1515867
5.89335
6.5336548
5.3352475
6.0961586
5.2920326
4.9328169
4.1791127
5.8984044
5.4325858
5.8033755
6.9366304
5.8041401
5.6664645
7.4129782
6.054398
7.3395629
3.9887998
4.4768627
9.0004603
8.0494401
6.2223575
7.7661507
6.41998
6.7639219
7.4810713
5.6625904
2.7422731
7.6692511
7.3244841
4.9980501
2.6755555
4.9494025
5.5609224
3.3453688
5.3458343
7.5777275
4.9182724
5.8540137
3.2845066
8.6471132
6.6997123
5.4919861
6.5298501
6.7741662
2.5622669
7.1696406
6.184493
6.6583007
6.960281
7.1662002
4.3343884
6.3873052
4.7276939
6.6093588
5.3834667
7.5353005
7.3977475
3.0071419
6.2638348
7.11321
5.3320631
4.8736975
7.8772015
4.6053011
5.8378591
9.1385346
6.4059165
6.2315203
3.7503981
6.6283296
8.4397593
5.7462403
5.9988956
8.5951769
4.9263512
5.9968679
7.2798868
7.7568439
6.2334979
3.5831085
7.1592791
7.9368838
4.2739059
7.0763938
7.3317142
8.7457905
6.9347926
4.69272
7.1883962
6.7180748
5.8459661
6.1455944
7.0446144
7.5189116
6.0851383
5.2960991
6.8770717
5.9484236
5.2773998
5.664425
5.7702476
4.9576329
4.2993843
5.7602256
4.5099128
3.1286603
4.7529078
5.4130036
5.1021957
4.3595102
4.3311067
8.136021
8.8862008
7.7413081
9.2766879
7.9316307
6.6456895
7.5213562
8.6663546
7.6282823
8.5632316
9.1044743
6.0281003
7.678403
6.0930633
5.5690888
4.6174937
5.9786528
4.9590206
6.3089955
4.7423107
5.1296997
5.3947246
6.4345977
6.3663024
8.7401335
4.9936685
5.6693329
5.8275647
7.0524368
7.4983303
5.0338954
6.0045478
7.8694299
6.9801072
7.2553475
8.7327678
8.3799849
6.4831653
6.8620077
6.1850549
6.7047094
6.7993002
4.6611425
6.1063379
5.6013088
6.3935718
5.2291602
4.148655
5.2964393
6.9210992
3.8148827
6.0659221
7.5543794
6.2706254
4.8226968
4.7146956
7.8763756
6.8521272
5.1913229
6.9624625
7.1826419
6.9800904
6.1195084
7.8211543
7.3952932
7.0719777
9.2020946
8.0806696
9.2340797
8.9048213
9.7905788
7.5920031
8.9705363
8.6680329
8.5214771
8.9541125
8.9194231
7.0906174
8.2366718
7.1436708
7.756333
6.3857547
7.7641283
6.0464468
5.4664256
7.380131
9.0507134
6.8196667
7.5316198
7.0522592
7.7194979
4.897221
8.6906979
6.3346372
5.3662737
7.1902411
5.2613767
7.5030756
7.3761025
6.0867947
6.528891
4.9685626
7.2924089
5.6263032
6.0982735
6.0280654
5.217257
5.4410025
6.5116347
7.1711
5.6241452
6.2491779
5.8773775
4.2870437
6.8440977
2.4287347
6.1509886
6.9371894
8.0042455
5.5498398
6.7758945
4.8314308
6.2300764
4.3946302
8.0515017
4.6938471
6.7276061
5.532581
5.0790694
6.4152438
5.4694235
4.9151494
6.9028771
6.3063441
5.5454827
6.2930913
4.069568
7.7879077
6.1671223
3.5078255
7.4604106
8.145412
4.072424
8.4520164
3.9107885
7.6752405
6.6201223
4.3069351
5.7000576
7.2919504
7.5680008
5.4095896
5.7095623
7.1940122
5.7994102
7.1048784
6.5903013
6.1768548
5.9653548
5.9587871
6.0622299
7.1671466
5.7024269
7.7379185
6.5290897
7.8055331
5.6823945
6.9004886
8.8626868
6.6606133
7.9659027
7.700817
6.5160557
7.6779272
5.1110146
7.6828739
6.5960041
5.2022611
7.1817181
5.8310582
5.5051546
6.8689161
5.9825491
7.2562614
8.3653327
7.3229796
6.0468732
5.6433911
6.7113522
7.8025279
7.1669471
6.816081
7.5683263
6.9354265
5.4591175
7.81595
7.5333787
7.2589005
5.2450327
8.0009788
7.3811383
6.2933124
7.9434938
7.5641147
7.5012525
7.4784567
6.5935106
7.733823
7.2200461
6.0699545
6.665817
4.949211
4.4248779
5.4209328
6.2114847
5.2714155
6.841553
4.0346051
5.2356975
4.7748801
6.7645131
4.6266112
6.9268611
7.606709
4.2593413
7.6918115
8.8998935
8.9598139
5.0383625
5.567847
6.6896496
5.2550389
5.7701668
8.624741
7.5186585
6.109293
5.9112504
6.2449473
5.2258722
6.5541891
7.5133128
8.2997369
8.5205221
8.2349043
7.9198656
7.1319951
8.208369
7.7098016
7.4898475
8.9263975
7.5315206
6.4760057
3.2129896
3.6442691
5.6559613
6.3573938
7.1171643
8.1271785
7.4704537
5.696959
6.171835
6.8427503
7.0541872
7.2314616
7.2739661
7.3606519
5.9744987
5.6248355
5.0195441
5.3600271
6.9198001
8.198331
6.9221213
7.1835674
7.3671042
9.1757522
7.2721266
6.6925874
5.6805797
6.0886156
7.9891739
7.048281
1.6517072
5.8893461
7.4387503
7.4522129
5.1953605
3.6616891
6.6102702
7.4792263
5.835899
9.1690652
7.1177002
6.1634579
6.1647194
4.0272501
3.894131
3.6547267
4.0557452
3.4743694
5.9234631
6.2543524
4.9325458
6.4861292
4.9137991
5.4022589
5.3671721
8.1489314
4.7588971
4.8768257
5.9510357
6.2907128
6.5862646
4.2548372
8.7723291
7.2570354
7.8907581
7.2385544
9.4635433
9.4883563
6.9456204
7.7065173
6.5172034
3.1657531
6.28304
4.7460964
8.8343243
5.2968865
5.7066454
7.4398145
5.1341604
5.0202939
5.8390775
7.3120123
4.3705581
5.9083613
6.0015608
7.1009178
5.071342
8.5884739
6.9412536
5.4220276
5.7092841
5.9182557
7.3120691
6.4222579
5.7500298
5.8943302
6.277868
5.2910615
8.3064191
6.6625686
7.7074638
6.91191
4.2006672
6.3812212
6.2337702
5.864061
5.7476015
5.1874085
5.9986691
5.3896338
7.2517255
8.0867898
6.9963589
7.1635611
7.1934218
5.8604671
5.0531848
6.0931696
6.9066338
7.766914
5.8331072
5.7970901
6.3683777
6.6120227
9.019487
7.3090811
8.2726444
8.333066
7.6892636
8.3538519
4.4485008
8.5060908
6.45878
7.4677226
7.4285091
7.616172
7.3203456
7.991748
7.6147965
5.2411485
3.4950576
4.906154
8.5259853
5.0369265
4.2374404
6.6636506
7.1686308
6.5180672
6.3793819
7.0261699
7.440707
7.5353822
8.020774
5.5011984
6.1089878
5.7970553
5.2757729
6.6994638
5.2199332
7.7037721
6.5929203
6.778336
6.168061
4.9354487
7.1127779
6.4388659
6.2070471
3.0749995
7.4174278
7.7096003
7.1386707
7.1048929
6.3986126
7.3413248
6.3052466
6.5974506
6.0159059
3.0542203
3.5239445
5.2999091
5.0222468
6.2901057
6.1533085
4.7185909
3.2584375
6.8939686
4.3026892
8.0908424
6.4109367
6.5153157
7.4208579
6.2919704
5.4820615
4.2046594
6.1115917
4.476492
4.8864647
6.6137128
7.5222306
7.0930981
8.2486542
6.1009613
7.4687457
6.4499878
4.5934689
5.5532386
4.6640071
6.0960251
4.7501028
5.5170703
5.1649281
5.9008872
4.7906509
6.0055798
4.8328779
6.4652413
6.4722012
7.5703646
5.4758914
7.7308555
6.7012243
7.504169
7.0814927
7.7962472
7.5165727
5.1321524
6.6672438
9.2193262
8.7569375
8.6912966
7.6866046
5.389858
4.4602466
6.3302755
7.0905815
9.571727
5.31794
7.0897152
7.7256006
6.6055592
5.0539612
9.6434052
9.0216252
7.2421806
6.76763
6.6926862
7.5212628
6.3494688
8.1617356
8.5588107
4.8164867
6.0888776
8.0546175
5.8704462
6.7360721
8.6723692
9.6403835
7.5920287
8.8068087
6.5673897
8.6129852
9.6678027
8.4644124
6.6841308
6.3082579
8.0823193
5.27042
8.2770675
6.8591044
3.7881771
7.3588466
8.3461314
7.4348988
7.9477552
6.466056
4.7765302
7.9443368
5.3290272
7.3397755
11.049948
5.0467289
7.6795523
4.706954
7.0899206
7.5540267
5.6148072
7.5646705
6.1077473
8.0098526
8.6879822
5.7497673
5.3224472
8.3442709
7.9655023
7.984767
6.7625307
5.9651783
9.3919131
7.5055475
5.1071546
6.6289814
6.106964
6.1844505
7.7026759
9.2964934
5.4550218
3.5488475
6.7930015
7.3943613
7.9994806
4.7130067
7.8867822
7.1113226
4.9590238
5.0897883
7.7136693
9.538663
7.2326898
3.9929145
5.7022824
7.1425946
8.1112013
5.116759
5.685816
9.7350972
7.9782399
5.9505346
5.8420663
6.9943309
5.488303
7.4947861
8.8947512
7.182916
7.5588911
5.2533882
7.7419311
7.7916936
7.5550083
9.1124885
7.896038
7.7899554
4.6393215
7.1275897
3.2616865
7.9900659
8.5868332
2.4900213
7.8664271
3.254639
8.0481413
3.7281219
7.7614391
7.4414931
8.9803344
6.093713
7.9071218
5.5741806
7.8079101
5.9365667
6.9911682
10.086178
8.4567975
7.066984
8.3400368
8.8034083
5.2335354
9.3909832
3.3748398
6.5426726
6.9829378
5.1054232
8.4368197
6.9360012
8.2712417
7.6831273
9.1186058
8.5658193
7.0223444
7.8054611
5.9334202
6.2729936
6.5030934
11.503361
8.8832219
4.2400265
12.29087
7.1212632
6.3010862
8.3166083
8.0272253
4.2233696
7.0675518
8.8424391
7.0281753
3.6910824
4.6124099
2.7102232
6.2477622
6.463675
6.6492704
9.947746
7.9889304
7.5609196
8.6926178
6.6718755
6.4257599
6.9920973
6.6386936
8.9831618
8.0864702
8.8259854
7.556699
4.9702209
7.9109649
9.3272713
7.3509142
7.437128
6.1238966
6.617925
6.651767
6.9819003
8.8202872
3.4405643
8.1248293
6.8809902
9.636376
13.509975
7.2498093
3.6466213
8.7224327
8.5049727
7.1913944
7.6998765
4.345061
7.5183723
7.4525622
8.1033751
7.6051004
7.0244382
8.2321241
4.9083684
3.5498247
9.1406461
8.424844
7.3858499
8.1526148
7.1345152
6.6679146
6.3695167
6.4875477
7.7175803
7.8810432
7.320151
6.5030302
6.8348954
7.6567215
5.8739365
7.1066895
3.486039
8.2274444
7.2340456
7.8052491
9.2267164
7.5824703
7.5290896
8.5134298
9.6685366
6.1554002
8.1790212
6.5935182
7.162344
8.779324
8.2879745
5.7484423
8.1384081
6.3605582
6.601936
5.7122211
7.8801283
7.5890273
6.3668861
8.121228
5.3232186
5.898324
8.154721
8.1703067
3.9130771
7.6429636
8.1334071
9.9037299
6.978942
4.1029316
6.3664373
6.8606865
8.5367393
7.2646836
6.6948468
7.1692191
6.7117275
6.634751
7.8850957
6.526717
4.1926193
3.4124248
11.427415
8.2664098
7.6683133
6.208833
6.6856297
7.5435231
6.7791428
7.6418015
9.098344
9.5326668
6.805211
7.7047053
6.5680183
6.4991501
6.9513551
6.6487826
8.2190301
6.3401507
5.6233079
6.2554606
7.8469436
6.6574001
7.2320534
6.9604077
5.8072277
5.5602947
7.3255258
8.0928702
8.1261621
8.5413995
11.001143
7.3642587
7.1354799
5.5636458
7.0276504
5.4328575
8.4128444
4.5306176
7.8136933
7.005939
6.9755873
6.4075648
6.3674919
8.7774084
6.6135111
7.9736428
5.1274618
4.0553909
4.4886824
4.8510319
6.5584467
6.5734224
7.5803255
4.7061585
9.2193706
4.7785448
7.5141637
5.5680784
4.7027624
4.2830279
8.3021931
7.450311
8.0413191
8.1873332
8.6174423
6.2420714
4.1947742
7.1960732
8.0916647
4.9412855
8.0312203
6.0345558
8.6042098
5.5655755
4.413765
5.665251
4.8335477
7.9179639
5.4372755
6.6082148
6.354303
5.4721672
10.375095
6.8970908
4.9599528
7.5584477
5.4187114
8.8629305
8.6875042
9.3736216
2.9679358
6.5819487
5.0820229
7.742007
9.152552
8.9566086
8.1526639
6.8565913
8.4124339
6.3143632
5.5419534
8.1058567
8.6807997
6.2697538
9.4697607
5.2565904
7.4690043
2.8206315
6.566153
5.0889974
3.6861998
6.1244377
9.5879941
2.5701503
3.0695565
5.5805711
7.2591276
8.4581382
7.0849106
6.3676066
7.9882352
3.8616764
8.5428853
7.3350132
8.6223236
6.7772866
7.078333
7.5556753
6.5500457
7.8431804
8.3594634
8.2718764
7.4226719
8.3442744
5.3560673
10.023111
7.4352741
8.5504892
7.4646948
7.277699
8.9299085
4.8346131
7.4402095
7.9967271
8.3163433
9.0795752
6.8780549
6.5806722
4.7677545
7.1570419
7.5779275
4.5548733
9.4151648
7.1770387
6.6370202
7.411054
4.6394796
4.0409266
7.1128433
8.6301415
6.3391124
8.5185981
7.5011125
9.0900364
9.4025236
8.6342587
7.9411049
7.3896134
8.4626378
6.4311142
10.207887
8.2164536
7.7949132
7.4001063
3.9470142
4.6569613
7.9245837
3.9882373
7.7938911
7.2963381
6.7930072
5.8501203
4.6145387
8.9522073
7.3684771
8.2819995
8.0434561
5.5815171
9.9910258
6.5794735
8.3563254
7.1231246
5.4467443
5.1207592
10.407407
7.0552677
8.0593422
5.0700193
8.3099625
7.0018548
9.113844
8.4026989
9.6324796
7.4591693
7.0428378
7.6152111
6.9975778
3.5006001
7.8769158
5.4962832
8.0296016
5.3728975
8.1337833
2.4518444
4.5148762
7.7791712
7.0507193
7.3438314
10.111177
8.0013142
6.184293
8.4837246
6.5947981
8.8233518
8.592711
7.2410516
6.2802032
6.7081792
6.4877468
8.157204
6.8646479
8.3168408
6.9961321
7.543416
8.6606746
7.1189523
7.124675
9.3732418
6.9932647
7.3499741
6.1687087
8.9675914
7.7737925
7.0147079
6.3665911
6.2644896
7.1774853
6.6600793
6.5205399
3.4932037
6.4900171
8.3611782
5.8841221
8.243073
7.3205522
7.9455706
6.5145295
8.380647
8.6074603
8.2231395
8.9540132
9.4023892
9.1894331
9.0896191
8.4552481
7.6908812
8.3546478
9.1540336
8.5219893
7.7642819
7.9883908
6.4744769
8.8827739
8.2470347
5.9674167
7.7589735
10.255909
9.1949425
9.5885006
8.6505164
10.039935
9.2534085
10.386815
8.1145513
8.5715524
8.810945
8.8506775
9.7405172
8.0190716
10.907612
10.858523
8.4444169
11.699082
9.2739853
8.5196287
9.2478299
9.5257121
8.6519512
8.7011093
5.9261001
8.2720987
9.034849
7.4308724
7.9133576
7.8493475
7.4830998
6.1696703
8.0671203
7.3409878
8.5920924
7.3320936
7.8848376
2.8457395
8.2888625
7.1221353
8.1427103
9.6180114
10.956979
9.7002286
10.351865
9.7218717
7.1248825
6.8383911
10.429927
7.7731567
8.0435792
6.6947324
8.4194771
10.26667
12.459009
12.12781
11.403468
10.389334
11.743397
10.004832
7.262348
9.8673188
9.5027653
8.3964477
11.711739
8.3945315
9.2812747
9.9349507
10.607366
9.2692324
11.163794
7.8719519
7.0629014
10.333969
8.8053115
9.178818
8.2154027
8.9074316
9.0640028
8.774499
9.0107193
6.9148651
6.5934168
7.5253136
9.6037624
7.2165804
8.5309212
8.4164956
8.5338416
8.9116834
7.2164784
7.7415871
7.4161187
8.1334886
8.3014443
7.4200792
7.3018608
6.9049579
5.92073
9.1496258
7.2248781
7.8355016
5.6008729
4.2511217
4.044826
7.6992571
7.8668143
4.9623803
9.0239272
5.165023
7.1787587
8.1422187
8.2255986
7.7117824
4.5194141
7.9614332
7.7951642
7.941746
6.1591581
7.6498074
8.1789481
9.8401534
11.235107
8.6705705
7.887929
10.443651
5.4282513
8.0788282
5.392961
9.8246832
9.0805186
7.6884275
8.4224243
8.3615574
9.7437459
8.0591037
9.1040662
7.6623961
9.0032985
8.6775348
8.9968074
8.6550769
9.1489783
9.7487379
7.1040726
5.4332628
9.1730058
9.725153
5.5572788
7.429682
7.9426559
5.9305691
5.9768942
8.913915
6.0608565
7.2999087
8.0975998
8.0364806
8.3252349
7.6997488
8.9276978
8.0345186
7.9021823
8.2947931
7.5396741
7.8569685
7.1205447
8.4870328
7.8934339
5.1535006
8.1456773
6.2558252
6.6541004
5.6486312
6.4664948
6.4523311
5.8593037
8.0609727
9.7580724
9.427203
9.289113
8.0932201
10.399058
8.0609313
9.5428163
9.0249855
8.4354263
7.3575161
7.7627724
8.6257315
7.3514429
7.0893349
3.5255996
7.1514319
5.8678132
7.8348285
7.7545272
7.1565655
5.4496689
7.4247221
6.4260387
9.2338946
6.7986611
9.3230848
6.4515985
7.0274967
8.8740817
7.4146104
8.800606
9.0525735
8.2482974
5.3759283
8.4462973
7.9076964
6.8879526
7.4959268
6.3201444
9.4711013
7.7143472
7.4921461
7.8955066
5.8527702
4.5998169
10.514497
8.4918398
10.699735
8.9994649
9.6794982
8.0507066
10.685809
10.012904
8.5594709
9.1328786
11.055854
9.418599
10.854196
8.2165972
10.657927
9.4175133
11.269062
7.8798077
8.4185648
8.6161875
8.6540268
7.5973868
6.7757521
9.2817971
7.70415
7.1972891
8.3172427
7.702155
6.5030924
7.3000325
6.0427565
6.9841962
8.8870207
7.0512885
9.2603
5.0812993
8.2084536
8.2957459
9.0404364
7.294943
6.7227043
6.0291055
8.2024544
10.043976
7.6869416
7.9884617
7.1824417
7.8732179
8.5009349
8.8226682
8.0948919
3.4477346
6.775143
6.4643058
7.462393
4.2629893
5.5624242
7.770338
3.5923288
6.4519996
8.8803297
10.904341
8.1605794
9.5065254
9.654945
5.6964732
9.2186203
9.6660011
8.3959491
9.3826066
9.7630228
10.489395
8.3644409
10.018799
8.9984789
10.637787
10.082342
6.5377813
6.6272436
7.6435291
7.9023608
6.6434079
8.214337
9.9322084
7.3636661
6.793881
7.9574599
6.5809502
8.6564963
10.264912
9.6218568
7.6914646
9.1928976
7.7364231
9.4357703
7.7511002
8.3190923
7.5079093
10.209392
8.1177947
8.8308598
8.4589764
10.658416
9.9803521
8.3109143
9.3084321
10.005432
10.49136
9.2160918
8.0022217
7.2784713
8.034918
8.4720034
9.1410572
8.4697477
8.1445174
7.9993126
6.8469409
8.4041566
7.3146328
7.1446217
8.3016013
9.5208138
7.3125534
6.3800844
10.367094
6.9773296
6.4188853
9.0073577
3.0076908
3.5037193
5.0248355
4.9212067
6.5194749
5.7265543
7.4753797
5.3036843
9.453975
10.027927
10.556458
8.6069917
9.9325359
10.055618
9.7327354
9.749233
6.3465432
10.397766
7.9926028
10.697236
8.2271139
7.6156025
9.7138239
9.7727692
9.6467989
9.0742219
9.0068671
7.2039501
8.7247777
8.5003793
7.9370558
6.8636583
8.433036
8.5451741
8.030509
7.1156964
8.1968096
6.8026075
7.2592176
8.2605079
8.6691755
10.478602
8.9866865
10.046629
7.1831073
7.3515045
8.5983901
6.9595584
7.5055562
6.2906853
10.08502
8.2828988
8.4404725
6.7269831
9.8886505
8.891216
8.6530456
7.9087094
8.7933067
9.0583246
8.0995409
5.6781505
9.0988441
10.901025
9.5023507
9.3838041
7.1939354
7.7317197
5.0878732
4.9102602
9.1962697
6.3758399
6.6071803
6.8911523
5.9884525
9.5946433
6.8766567
6.0624476
7.4795964
8.7282568
9.3919178
6.8713072
6.5856027
6.9594818
7.3584693
7.2425094
7.1051585
6.9864473
7.0913485
8.1664867
7.630016
8.0839129
7.2123556
7.6836401
5.8777475
8.9425815
7.4361653
6.9332569
8.1233993
6.9558853
5.756343
7.5741314
9.3680706
8.9224014
8.6350991
10.000553
10.222314
7.7638322
9.0760015
6.9837254
7.1834061
8.2485124
8.2383289
8.1490872
7.9791626
5.5623807
5.8252714
10.973831
8.6504129
6.1170492
6.6422208
7.1259992
7.324353
5.9790405
7.6716746
9.2654242
9.5420075
8.8289141
5.3786475
6.9836676
7.0985765
3.9482446
9.0103851
3.6840864
4.2944271
5.7583681
5.5885744
6.4520549
3.884706
8.5817317
5.4316603
6.65519
6.0654394
4.8141167
7.0672763
5.8030138
5.6873925
10.011626
10.317383
5.734897
5.8304394
7.3387334
9.4664066
6.2807051
5.3167071
5.0536751
5.0125445
4.4752472
7.2702771
10.185157
6.9817095
6.5538688
7.7584089
4.0591601
4.326722
6.2507811
5.1234671
7.12489
4.9696325
6.2313487
8.0274354
5.3972631
5.5767516
6.726932
4.614673
5.6974928
7.4370632
6.5312095
5.0666006
9.114505
5.9024264
6.8068745
5.8246803
7.322326
5.1057081
9.8864069
6.0423641
2.9739089
6.0420511
8.8661768
6.7955199
6.6870691
5.2070645
6.9608344
6.1686094
7.1696712
5.9578564
5.2804026
7.1168743
7.004006
7.245665
6.5167235
7.7605965
6.8492576
6.4481738
5.9476184
8.0702972
4.7520141
8.6476921
4.9916783
6.0213304
7.5934433
5.7470189
6.9156969
5.107376
7.6084159
8.7890491
7.3510498
12.880431
6.6263344
6.0037871
2.4040077
4.2508531
5.1285797
7.0380436
6.1506469
3.0494961
6.1352199
6.3739059
5.4808307
6.7945015
11.233145
6.4545242
5.5616866
6.4414337
5.4832238
4.1496833
6.8805293
5.6392719
6.3994874
5.0278795
6.5348824
8.8430582
5.0921653
6.2608469
6.5211271
9.0193249
4.8069693
5.0276673
7.6265723
5.0384131
7.5587375
3.4363789
7.31165
4.7176292
7.1813284
8.2817534
8.0070541
6.9878665
11.729184
8.4177155
6.5769361
9.0391059
7.912258
7.6776172
7.8990348
5.7197032
6.3616581
7.9171364
8.0191117
11.212738
6.7414195
8.2000413
4.4458227
7.5356966
5.6394826
4.914266
6.6179131
2.8622316
6.0764521
4.580872
5.3768494
4.5843463
4.9568323
5.4350128
3.1567784
4.1660023
7.1038874
5.5636939
8.3301766
4.8663411
7.7430465
6.9258864
3.743813
10.155489
5.8013509
4.0259372
3.6224517
6.7632669
4.2238873
6.4138986
6.2258455
6.7725562
5.4992091
3.3443083
4.965944
9.128294
4.9800195
7.7028022
6.4579593
6.7492148
7.8533937
1.7545064
7.6865084
7.4360301
3.5703327
9.0820703
6.534069
6.2622739
5.1999336
6.7229309
9.7642521
5.1505273
6.6917297
4.8855369
6.6151001
6.2531758
6.0825971
7.9399774
5.0240358
9.547596
7.94659
6.7135621
5.0790358
5.9083892
6.9247974
6.6350339
4.5306481
8.1626575
6.4793266
5.0057223
5.3060751
7.1201927
3.4888247
9.9507555
6.8189186
6.0730131
3.3650125
4.9888429
5.6130809
6.9422887
4.9632518
5.070377
7.8537938
9.4893018
6.1547674
7.3446789
4.616557
7.0149053
8.1403484
7.5685227
9.0950473
8.756814
6.0419206
3.8755296
6.8690769
5.2393651
7.5238046
6.5725932
4.3687203
5.4070346
5.8405429
7.0633629
6.2405174
6.2626834
8.1179302
6.1675734
5.9145177
9.7701807
5.247941
5.1985709
6.938507
6.1896991
4.9325653
8.4008013
4.1124605
7.5334809
9.3490726
6.9541829
5.5625973
8.4801894
4.1435293
8.0018938
5.5408463
3.8612696
11.256614
4.7050628
7.6068301
4.7998168
7.7650493
6.2512183
6.2582533
6.6528129
5.3465178
5.531611
5.6202605
3.6779461
4.8237839
7.0620261
7.6691933
6.1345606
5.5439691
6.6179867
7.8306231
6.2255191
5.362831
8.5930149
8.9689527
6.3462229
6.4173451
2.4232032
3.574199
7.5177905
4.4662975
5.4637673
6.2761458
6.5039852
7.2317489
10.774648
10.459658
10.193748
5.2775667
5.5565166
5.3500957
6.9279802
7.5607524
7.0305101
7.5243247
6.9998593
8.9464266
7.2188705
5.7739077
5.5852838
7.2094082
7.114192
5.6906884
9.2888082
4.9467876
6.0344105
6.6779137
5.1086726
7.3389413
7.6037322
6.9712218
5.8673348
4.9625643
7.9339852
4.3295499
4.0062235
4.9745022
7.4738523
6.4755815
6.3386964
4.1221764
9.34631
9.0654741
10.647721
8.977476
8.2848192
4.705131
4.2107148
8.3317028
2.3743569
6.0769611
6.9707395
5.2883437
4.9726719
10.058701
5.879523
7.8511469
7.2445495
3.3304525
8.4967451
6.8478525
6.474812
5.6498493
7.3334563
5.953558
6.7635973
7.6847308
7.3413784
7.636226
4.8736648
6.8606169
9.0285022
5.2240448
6.7466784
6.9853124
6.5926558
7.730267
10.176271
6.9843536
5.2742581
3.8326382
9.6251996
5.4776117
5.4972653
7.912485
5.4639266
10.810681
3.9765674
7.2174876
6.312197
4.4132433
7.8756916
8.2366212
4.8698902
6.7163251
5.2314246
5.4425454
6.1302435
5.0259252
7.6851238
6.4321828
4.7475378
5.6868583
6.2609473
7.4301714
5.7539209
7.6166543
7.2412366
5.0494904
7.1813081
6.572278
7.7626977
7.5840242
5.4662201
6.0898392
8.3609076
6.3404581
10.250179
6.8431813
9.1929843
6.6446392
7.141373
6.5989628
6.0642535
7.6727971
5.4310919
7.199008
10.402039
8.6643952
8.6901635
5.3467285
5.7054721
8.9979644
6.4917763
6.5276758
6.664395
5.7323996
7.391594
4.5472021
9.2924132
4.2989715
5.1614373
5.4588731
6.801711
5.2797991
5.2222906
5.4034131
7.9714977
7.817338
5.7291076
11.393369
7.2716707
3.6395482
6.985332
5.5426527
6.7249411
7.8422382
9.6666658
2.2071114
7.6066304
7.2774791
6.0814845
6.2846616
7.2824095
6.2639163
6.6461255
6.6470861
7.6369925
6.5595356
6.6924041
6.1353898
5.7502452
7.9583403
7.0275607
4.0233072
5.4756242
10.68964
10.411923
8.8106612
6.8666424
10.138729
5.9877713
7.5530862
6.4245134
6.0833338
7.0282117
5.2335732
3.9268442
7.4233021
7.3842339
3.3966446
6.016144
5.7093026
8.2287902
8.4085341
7.3770739
8.4173079
6.3847107
6.7685028
9.9747965
8.9481351
6.3549491
7.9724551
8.9495474
9.8333731
8.0528493
8.9498699
8.0788978
10.175164
6.9613876
6.4444578
7.3184037
6.9627133
7.1750157
10.332399
9.0364326
7.2726915
5.9940988
9.3142685
6.4180048
5.5567025
7.6232446
6.9105771
6.0859803
7.1137789
7.7946401
7.1843231
7.488931
10.81471
9.1427444
4.2694243
6.2685753
6.9133666
6.6302811
6.9287678
3.5548741
7.8329843
6.1444739
7.1639248
7.6697539
7.117842
5.7927872
6.6762142
6.3464275
7.5821796
5.6684909
7.4747486
7.762515
6.1285293
7.199146
7.3919025
7.0175531
6.9292287
6.8752046
5.3892014
7.6333703
5.0797055
7.438038
9.0094507
7.4850675
7.6929955
6.4954964
10.442732
6.8197649
6.1833467
7.364397
7.9791622
7.628128
5.2017597
6.6289728
5.5946152
8.445749
8.779017
8.1908268
7.0473883
7.9327266
7.2303741
8.1171386
9.0308703
7.3172295
8.3444134
6.8306887
8.680536
7.801779
8.4152701
5.3356094
6.5475142
6.9501716
8.6431417
7.0576816
6.0713355
7.2317948
5.0034828
6.4035098
6.1092708
8.1096488
8.2147433
6.6603717
7.3800254
5.8745
8.1319185
8.7626919
7.7046465
7.9062057
7.5113854
5.7101758
4.1119215
5.3451897
6.4753077
7.6584044
7.7485466
6.5738384
8.5491329
5.557384
5.5624666
6.5159765
7.9056104
4.6552584
6.9555795
9.5670608
8.3530649
7.5363626
6.8884159
8.640301
8.7398276
7.2661527
8.101867
6.9339963
6.6428657
6.8593825
5.1228749
8.6582747
6.2478272
8.0538072
4.9558229
9.4253009
8.428932
8.2662707
6.3461709
5.3719753
6.4159756
6.8566435
5.7290287
5.3242695
7.7603199
8.3247193
6.7686247
7.1370267
4.503253
8.4466339
6.8989585
6.8410407
6.6152924
7.4932646
9.0191089
6.5767712
5.1092692
5.5840311
7.9086046
6.0447086
7.2751549
7.3642552
7.3170138
7.2635054
6.6634924
6.4602831
5.7267762
6.1759575
7.4524259
13.198373
10.391448
7.8562797
7.7370815
7.0384915
7.6514579
8.1705847
7.9907254
8.6709228
5.8626282
7.6168411
8.0715662
9.4903135
6.2410578
8.1534286
5.9821718
7.7893566
7.9735022
8.117818
7.3204261
5.3848124
5.8524127
6.1782451
7.2021139
4.3931092
3.9897362
6.0220885
7.8290349
4.6354401
6.1110461
7.7721904
9.4884541
3.9234219
7.1573457
8.0345017
7.7860997
8.9781848
6.5333539
8.3293914
7.9015123
9.16872
5.3788255
8.3902455
7.1985699
7.466502
9.1617404
6.4921919
7.7938172
5.3947225
8.4978108
9.8289148
5.5353349
5.9351739
5.7779831
6.670961
6.2929214
6.1543173
7.0530384
7.1043672
7.9502888
5.8196167
7.9303933
6.4890165
7.68942
5.677825
5.2759599
7.3767449
7.7300761
5.8906519
6.7738558
7.695618
7.5704407
7.469606
3.3761741
6.7867043
8.9634253
9.8559895
6.4387985
6.1170786
6.1560889
6.9424431
8.6932722
6.5251988
7.1109508
8.3303801
8.1898964
7.9198946
6.7638138
6.2082193
7.7859151
5.589943
6.9907015
6.3466646
5.2997527
8.0941142
7.3347849
8.6746648
11.56362
7.219545
7.5178265
7.846479
8.1134289
7.8373456
10.224067
8.543888
7.5354244
11.324478
8.139542
4.8155939
8.2465167
5.3273621
9.0055853
9.022064
7.3565844
10.01353
7.7819641
6.8986417
6.1024363
6.8450052
7.3053783
5.3088729
7.168002
5.9877828
10.236651
8.264346
5.8464914
7.397581
5.108617
6.3266411
9.6861853
6.809325
8.7850553
7.8905497
7.8486304
10.521457
6.4699077
10.461491
6.0564277
11.882897
6.9426977
9.2713441
7.0702119
9.9814308
11.318388
8.0435895
5.7362907
9.0933093
7.9481769
8.6851154
8.8682186
3.7804717
5.4662702
5.1931817
6.2644996
5.9576351
7.2364727
8.8331623
7.3207586
9.201738
6.8008365
7.2658421
9.7950657
7.1053248
7.8169848
7.9597666
6.5287759
6.9346926
6.4522821
6.4765809
7.4524197
8.3302743
10.209569
8.1470148
11.062531
8.2807247
6.9983574
5.411343
10.708396
10.494519
7.0696073
6.8218332
7.2358312
7.7732723
8.4536862
3.5064423
8.6030681
8.6826174
7.2630557
6.1724558
6.6725947
7.3937574
7.5832902
2.7551881
8.2526249
7.8287015
7.3243633
7.3140856
6.2527084
6.6268525
8.2624719
9.2138958
8.6723834
6.7703099
9.0268816
7.7320687
6.0434655
7.5419884
6.3957305
6.2515329
4.9208198
3.0429042
11.195151
5.297182
4.7572412
5.3099694
5.7254673
5.3307126
6.3991144
7.4113675
8.3671094
6.4230288
8.7152272
8.8413564
5.8966169
8.3925318
7.3240286
4.2472833
6.8396927
8.2102602
7.8882129
5.3789766
7.2289559
5.4721633
7.4080801
6.8780116
4.9711852
9.3224097
5.7650065
7.3617401
8.1113752
7.0868802
7.8760596
5.2708616
7.0994391
6.9656742
7.8002145
7.9689925
9.082007
10.950171
9.037738
6.7770851
8.7155235
2.9352949
9.0496462
8.6298336
6.8154302
9.612856
7.9697047
9.4411213
7.7555708
6.8728563
7.8203029
8.4410281
7.5393195
8.3085081
4.9626139
6.6104215
3.0401774
5.1207651
4.5699468
3.4473623
5.958493
4.3952072
5.6229847
3.5110871
8.6003661
5.9566201
8.5417453
6.6705235
7.8935486
8.192172
6.2077195
5.4152046
6.3878136
5.9233639
6.5491126
6.412682
6.1652612
9.6765467
6.4621054
6.2170754
5.887663
8.6240625
4.2247327
6.8793528
6.1021094
6.222973
9.4926754
8.3753944
8.0073852
8.3708236
8.0957549
7.4179194
9.2797761
8.202958
5.6485398
10.191066
6.351425
8.2676147
9.5969927
10.670966
7.8052626
7.4977729
6.3794737
5.495471
7.8239224
7.771782
13.041609
11.120398
9.3854729
9.4740173
7.1883891
4.8720476
10.806792
5.9752816
8.0961392
10.047386
9.3971404
7.8949041
11.313538
7.9087013
5.8367637
9.8110765
6.5353303
7.1246725
9.5245407
7.5377516
6.6602743
8.254091
9.347742
8.1810456
7.7645776
8.1635688
8.7443931
8.0744097
5.1299148
8.3227899
6.5868076
8.561015
8.3966008
8.6315915
8.226085
6.1468596
7.6836792
9.0131979
7.7956306
10.45766
11.601044
9.7338642
9.5261991
9.1567801
5.3254377
8.1373432
9.4935341
7.7058367
9.1294196
7.4641956
6.8243933
9.861581
9.6821493
8.4189172
8.5668322
8.6114452
8.5735799
9.1692605
8.0565393
10.45674
8.7765385
7.7298052
9.0481966
6.880878
8.6265164
8.4139989
7.4265327
7.1835947
9.4249241
8.7205702
10.638439
5.8128241
6.3621484
8.9655053
8.3039188
7.91631
9.1770558
7.3741236
8.9232686
7.8072503
8.7216865
8.6522622
9.5367372
7.7194148
9.2350062
7.6749825
2.7342733
9.3886522
9.0570825
8.1098587
8.9713782
6.6275531
7.6638672
6.3330092
7.042695
3.669103
8.4289366
6.4408994
6.4612707
9.0436887
7.2247637
7.238223
7.0984934
8.2438177
7.060161
8.1133167
7.3735211
10.042344
8.6649489
9.6612481
10.504305
8.8045314
8.4489941
10.129583
6.3638358
8.6952858
8.8213618
8.2931532
9.3474314
7.707893
7.0560977
8.413474
11.486398
7.6423548
8.8189449
9.7603245
8.4687834
6.6893467
7.8285063
9.2593837
5.9593072
7.121881
7.149881
7.9411806
8.6892546
6.9308693
12.06202
5.7139973
7.8869354
9.3137068
8.067353
4.5113989
8.1587898
8.5826052
8.1525145
8.4874265
4.5711266
11.483222
7.981971
8.7518334
9.5108711
8.1587312
8.5231032
7.7404096
9.4770894
7.2908179
8.9211517
8.2369447
9.3556024
9.665463
8.0259033
9.5670397
10.137871
8.4776212
9.5324279
7.1688538
8.4146163
9.2258362
5.8644781
9.023731
6.9950648
9.0712747
8.3943977
7.536154
8.6365611
8.422536
7.5440497
7.8281421
6.6779535
9.8328684
10.069321
5.2214765
9.0075233
9.5899695
7.5890423
4.5256105
9.2162989
9.3349668
9.9995535
7.4116382
7.4797257
7.5281482
8.6925295
9.6924881
9.8045647
6.9178882
10.040013
6.9486452
1.9314421
9.6292705
7.690707
6.6822719
8.5229572
8.2917339
7.5915551
7.5749259
7.142771
4.6118257
5.2705355
5.7480342
6.0458588
8.5610466
6.1633845
9.7607287
9.8024184
9.3618878
7.8787414
7.8642975
6.8791561
10.845747
8.0661081
9.0242612
8.0487818
5.3222462
9.0719483
8.2610376
7.5863092
10.294483
7.0190205
6.7287908
7.8315415
2.9516729
9.2090669
9.479701
7.8423854
3.9850896
8.288118
10.256285
7.9775046
7.9516021
7.3313841
10.071008
6.6839179
8.8235072
10.119565
8.5212109
6.0922028
10.284659
9.0029253
8.6050415
5.8266482
8.32298
9.4992159
8.1368903
7.9059756
8.8080251
7.465562
8.7767534
9.4268013
9.0392238
9.3679769
8.4772938
8.5400737
8.9438171
8.8067868
9.4892126
8.0949155
9.3821449
8.0108101
8.2458705
9.7048434
7.6468701
6.7644755
9.1721963
9.5765275
6.222244
7.2425118
8.6112914
10.083923
7.9396258
8.8810887
4.4053179
8.4528786
8.7146227
7.988891
6.1656926
10.206035
8.5156831
8.2984773
8.5603568
5.4629349
8.4074719
9.8663404
7.2436845
8.4088749
7.7840326
8.5942596
8.954496
9.459948
5.8295065
4.7297564
9.7215627
7.4219364
7.0153483
4.9991876
9.0803849
8.9963761
8.0868228
9.6005878
6.6750726
9.1452146
8.3061456
8.1863834
4.8495303
10.478566
8.505718
8.5266233
8.3189435
8.8236835
8.4670537
10.998326
8.1977656
4.2972838
9.0363397
5.7496801
8.4032602
8.0810408
8.2685749
7.3120731
8.1092303
6.5141465
5.7266319
6.1796022
8.4079876
10.469152
10.533809
7.345098
9.9414248
5.6013328
7.0175118
9.6243876
8.2739911
9.1596188
7.424633
11.610451
7.253611
6.6692847
8.4150216
9.297114
8.7847481
7.9867397
5.2716384
6.3039041
5.7450773
7.5858972
8.9428353
11.309675
9.8286287
7.7699026
6.4683955
7.8558183
8.9419808
4.4178062
6.6282651
9.2591309
8.1816425
6.8600537
9.4123965
7.5576838
9.0766694
5.8183687
9.1448405
7.0092323
7.7916771
8.6277087
8.8216558
8.7148645
5.2432878
11.370951
7.5761631
8.3753225
9.9690988
5.1606193
9.6792524
7.897101
8.0152645
8.39201
5.1148595
7.0745641
5.028344
8.5422097
8.3625663
9.4047911
8.8968509
8.9668597
7.246685
8.8860717
7.7594732
7.4435817
10.003674
9.5638115
8.2457382
8.1247114
8.492045
9.6527171
7.0708726
7.8054298
6.8018765
5.3984595
6.4494417
8.4356413
7.7938633
8.7639074
4.9670233
8.0145498
7.6193096
7.6860813
10.381052
7.7449191
10.963113
8.330332
4.6473935
9.998813
7.7905346
5.1032119
6.6160976
8.0682124
7.9960073
3.5793197
9.1611426
9.690962
8.3121513
7.267795
7.2875971
9.5698033
11.488469
5.9105907
8.8412091
11.004472
6.4914897
5.2894891
11.104639
10.141004
5.0389145
8.8916689
9.2451389
8.761822
9.209501
8.268503
5.8545151
8.8805944
6.4245554
7.9957165
7.1529374
8.6270022
7.8032424
6.8651478
9.3354896
8.5900305
10.743462
13.134293
8.2112262
8.2247895
6.9018575
5.5374909
7.5294193
10.265243
7.5108415
5.0559513
8.1340865
10.208598
8.4135599
9.1728691
8.4974444
4.7964548
8.4206435
7.3927067
7.4458057
8.0110241
6.3425075
9.6507186
9.1228607
8.9762762
9.4306749
8.6310035
3.4936653
9.8926653
8.6260423
9.0771764
7.7325705
9.8224916
8.5346494
9.2543304
6.8993801
6.0348253
7.6650838
7.4115265
7.4894262
8.5496258
5.8666479
9.5063857
7.6164876
6.4828932
7.8435303
8.7181086
8.8562348
8.7794566
7.6551617
9.6848516
8.3878685
7.9527666
9.5965454
9.0099534
7.7963303
7.2160463
8.7383264
7.2679604
9.175995
8.9094205
7.6788558
7.9781428
5.4772733
8.5416275
7.9712679
9.0363317
9.2547804
8.3678989
8.5971732
9.4710623
9.8874941
11.248197
9.0065366
10.899773
10.38973
11.321789
8.8387391
8.9004666
9.1840589
8.0138278
9.8018304
7.2220778
9.9064294
9.0691833
9.3406195
9.2488561
7.5162531
8.9301266
9.3068838
9.2465204
8.4592024
9.1418465
9.4376753
8.9865156
9.1748141
8.0791461
9.3417098
8.9318531
9.4151383
8.7649652
9.7504084
10.768052
10.858082
9.2940173
8.2411764
8.4708532
10.323927
8.9407939
10.974975
9.5399738
8.7767216
8.6644613
10.393229
7.4422951
8.2508064
8.4523182
5.4051216
8.0209799
9.0455374
7.4825719
7.5400491
8.7749406
7.7346238
10.163657
10.410496
9.4286039
8.5115168
9.203361
7.8138734
8.7582353
10.085854
8.4991189
8.8512737
10.615067
10.235466
10.658732
11.626215
11.061864
10.638399
11.816234
9.8978476
9.6630607
9.4941432
9.5942451
9.3322841
10.098487
10.051772
6.7055391
5.9483251
5.2070348
5.4936935
5.1802518
5.8467738
4.3722408
4.5588761
6.0161318
3.9654492
4.2417168
10.399205
9.5057366
9.7362499
9.3948069
10.490012
9.9326947
9.3439205
9.4869116
9.1275214
9.2600997
9.444204
9.2717628
9.1953897
8.9237478
8.8540269
9.7003118
9.2490683
6.8095326
8.0164045
8.4923103
8.9839047
7.8069235
9.9015698
9.0713764
9.354091
8.4890146
9.5211596
2.8230856
6.8482515
10.054834
7.000001
9.3202513
8.6871923
4.6278735
7.3626776
5.8927305
5.7890175
8.5759548
5.9805851
7.5143303
5.3926443
6.0128749
6.1719273
7.1032551
8.7261475
8.3551659
9.1403196
7.2946238
8.4863863
8.574252
8.3104063
7.7242806
3.3223318
8.3340367
9.4534156
9.9401118
6.6551198
8.9639556
8.1929611
10.324706
8.6236128
8.923703
9.7793197
9.8446381
11.319618
11.597964
10.2067
10.225801
10.112939
9.2824516
10.496471
8.5019825
9.3847278
9.2037596
7.7154318
8.0604614
8.7403574
8.8843366
9.5228708
9.5936996
8.5592034
8.7521305
9.5123235
7.6878648
7.6909637
6.359561
8.5953381
8.0791103
8.3040904
7.5619214
7.4997991
7.9244533
9.3782979
8.5993742
9.2502525
7.4751739
7.6333531
7.7802118
7.5524448
9.0602373
9.3452687
7.9060294
7.7207526
9.3756775
8.4830482
7.4580267
10.04023
9.0083234
8.5515891
9.086235
9.8204186
9.0256711
9.0703161
8.702931
10.029284
10.775285
9.5843175
9.6131368
9.5293007
9.149092
8.0599965
8.5783014
8.2326318
8.950357
11.072112
9.4245893
7.7050835
9.5763365
8.9612768
9.5656916
8.8019815
8.8586426
8.0727742
9.0509288
9.2205461
9.2269909
8.4906677
7.2213532
7.1984586
7.5154272
8.3295766
8.6509803
8.9509474
8.6137572
7.8650922
9.6717266
6.4938899
5.7677608
8.8416814
9.2416673
8.8390397
8.831708
8.0851525
9.0461396
8.5084021
9.3672282
10.052557
9.7641459
10.491665
9.6535589
9.5899425
10.548645
10.873393
10.581932
9.354078
9.3092538
9.002914
9.431956
9.2517588
9.3386615
8.5021248
9.0111239
10.337287
9.2058719
9.8322791
10.209737
10.556978
11.547151
9.4959947
10.488651
8.6389615
10.714626
11.439333
11.396051
10.799657
10.395681
12.01101
9.5523031
8.6433053
10.278179
9.1684615
9.3618227
8.8306564
8.6930641
8.3528835
10.019551
9.0128986
7.1614605
5.1798956
8.0020364
10.081453
8.416825
8.0737999
7.591681
7.44566
9.0028004
7.2796547
6.939329
8.3141126
7.7601292
8.9681161
9.2442048
5.8283177
11.69048
9.375578
9.5440794
8.7957039
9.0810056
8.9269204
8.2358493
8.3257119
10.554363
2.8449036
8.1379637
7.8968017
8.8010591
10.048212
9.8647325
9.947326
9.216104
8.9888581
9.214937
9.9334229
9.5162725
10.806021
9.8435111
8.6004896
8.7073105
8.0828477
8.8891925
8.0463039
7.9009676
8.2084204
8.7195809
9.1396895
10.811411
9.9957307
9.769388
9.2047592
10.893214
8.8601428
8.9143024
9.993981
9.3468062
7.6247916
10.427954
9.9171888
9.5761452
9.1920175
10.384123
10.425351
9.3283019
10.986737
9.5595011
7.3704253
9.3245685
9.3650411
10.046997
9.5248073
8.7508899
9.215138
8.1932662
8.5294027
10.398152
9.5867967
9.1866054
10.529835
10.146942
10.43832
8.8390208
8.3482788
5.5105645
6.1281729
8.5280475
8.9156519
8.9481204
11.146489
7.5994573
11.968005
8.8175878
10.460138
9.6039782
9.0266195
8.7125024
8.901461
10.058221
8.7002297
8.2035339
8.6977771
8.6216397
9.5750572
8.8744131
8.4622205
8.4565427
6.6326061
8.0125467
7.1818445
9.0748637
9.6179101
8.7355888
7.8099614
9.2342294
8.5885895
8.7111407
9.3920584
9.1698925
8.7663155
9.7283237
9.155696
7.8724047
7.1285029
9.1616681
9.3795782
8.9638061
9.06443
9.648708
9.5249424
9.7514796
10.084268
9.8636621
9.4809374
9.5434495
8.8072015
8.7950578
8.8583283
9.8301129
7.5349552
10.437908
6.7510555
8.9172921
5.9688554
7.824934
5.5593842
9.5072846
7.9114798
8.0895375
7.8649088
8.2886274
8.5396545
8.4962736
9.958554
7.6683361
7.3343814
7.2409189
7.4644299
8.1734457
9.3371171
7.3298483
8.1592644
8.6260879
6.7858853
6.7632454
5.9268411
5.414416
8.1454946
8.8027555
7.9223282
7.5325651
7.2830251
8.3958437
7.1353494
